## {'tot': 2484039.0682107927, 'coords': 'spherical', 'metric': 'Euclidean', 'sep_units': 'arcmin', 'bin_type': 'Log'}
#   r_nom       meanr       meanlogr        xi        sigma_xi        DD           RR           DR         npairs   
  1.1037e-01   1.1037e-01  -2.2039e+00  -9.0236e-01   6.6165e-02   0.0000e+00   7.5085e-02   7.1419e-02   0.0000e+00
  1.3445e-01   1.3445e-01  -2.0065e+00  -9.1671e-01   8.6263e-02   0.0000e+00   1.0959e-01   1.0502e-01   0.0000e+00
  1.6379e-01   1.6379e-01  -1.8092e+00  -9.8726e-01   5.3318e-02   0.0000e+00   1.6161e-01   1.6058e-01   0.0000e+00
  1.9953e-01   1.9953e-01  -1.6118e+00  -1.0216e+00   3.8175e-02   0.0000e+00   2.3810e-01   2.4067e-01   0.0000e+00
  2.4306e-01   2.4306e-01  -1.4144e+00  -9.8066e-01   5.9665e-02   0.0000e+00   3.5034e-01   3.4695e-01   0.0000e+00
  2.9609e-01   2.9609e-01  -1.2171e+00  -9.2163e-01   4.6147e-02   0.0000e+00   5.1486e-01   4.9468e-01   0.0000e+00
  3.6070e-01   3.6070e-01  -1.0197e+00  -1.0450e+00   2.6671e-02   0.0000e+00   7.5605e-01   7.7305e-01   0.0000e+00
  4.3940e-01   4.3940e-01  -8.2235e-01  -1.0148e+00   2.6601e-02   0.0000e+00   1.1114e+00   1.1196e+00   0.0000e+00
  5.3527e-01   5.1513e-01  -6.6334e-01   2.7108e+01   2.8989e+01   4.5967e+01   1.6364e+00   1.6222e+00   1.0000e+00
  6.5206e-01   6.5206e-01  -4.2762e-01  -1.0214e+00   2.5673e-02   0.0000e+00   2.4117e+00   2.4374e+00   0.0000e+00
  7.9433e-01   7.9433e-01  -2.3026e-01  -1.0306e+00   2.1509e-02   0.0000e+00   3.5565e+00   3.6109e+00   0.0000e+00
  9.6764e-01   9.0210e-01  -1.0302e-01   4.7122e+00   5.9323e+00   3.0002e+01   5.2452e+00   5.2651e+00   1.0000e+00
  1.1788e+00   1.1788e+00   1.6447e-01  -1.0254e+00   1.1632e-02   0.0000e+00   7.7294e+00   7.8278e+00   0.0000e+00
  1.4360e+00   1.5509e+00   4.3885e-01   2.2310e+00   3.4517e+00   3.7058e+01   1.1382e+01   1.1524e+01   1.0000e+00
  1.7493e+00   1.7493e+00   5.5920e-01  -9.8677e-01   1.4210e-02   0.0000e+00   1.6774e+01   1.6663e+01   0.0000e+00
  2.1309e+00   2.2131e+00   7.9435e-01   1.9390e+00   1.6890e+00   7.2505e+01   2.4681e+01   2.4665e+01   2.0000e+00
  2.5959e+00   2.5342e+00   9.2962e-01   2.0888e+00   1.2286e+00   1.1181e+02   3.6259e+01   3.6165e+01   3.0000e+00
  3.1623e+00   3.0085e+00   1.1010e+00   8.0943e-01   9.3162e-01   9.5798e+01   5.3328e+01   5.2980e+01   3.0000e+00
  3.8522e+00   4.0991e+00   1.4104e+00   3.8992e-01   1.1255e+00   1.0680e+02   7.8256e+01   7.7271e+01   3.0000e+00
  4.6928e+00   4.8841e+00   1.5856e+00   6.4849e-01   7.3738e-01   1.8691e+02   1.1510e+02   1.1368e+02   5.0000e+00
  5.7167e+00   5.6739e+00   1.7347e+00   1.3235e+00   5.3638e-01   3.8879e+02   1.6862e+02   1.6713e+02   1.1000e+01
  6.9640e+00   7.1922e+00   1.9719e+00   4.8952e-01   6.0292e-01   3.6409e+02   2.4723e+02   2.4515e+02   1.0000e+01
  8.4834e+00   8.8135e+00   2.1756e+00   4.5107e-01   5.4812e-01   5.2203e+02   3.6192e+02   3.6035e+02   1.5000e+01
  1.0334e+01   1.0472e+01   2.3473e+00   1.3675e-01   3.5598e-01   6.0534e+02   5.3102e+02   5.3187e+02   1.8000e+01
  1.2589e+01   1.2591e+01   2.5316e+00   2.3920e-01   4.4416e-01   9.7283e+02   7.7514e+02   7.8128e+02   2.9000e+01
  1.5336e+01   1.5439e+01   2.7351e+00   3.1479e-01   2.5728e-01   1.5056e+03   1.1344e+03   1.1415e+03   4.3000e+01
  1.8682e+01   1.8750e+01   2.9296e+00   3.9604e-01   2.7306e-01   2.3157e+03   1.6450e+03   1.6546e+03   6.7000e+01
  2.2758e+01   2.2777e+01   3.1244e+00   4.9690e-01   2.1581e-01   3.6019e+03   2.3983e+03   2.4042e+03   1.0400e+02
  2.7724e+01   2.7818e+01   3.3241e+00   2.5124e-01   1.1968e-01   4.3885e+03   3.4487e+03   3.4854e+03   1.2800e+02
  3.3773e+01   3.3855e+01   3.5204e+00   2.2164e-01   1.1072e-01   6.0818e+03   4.9799e+03   4.9789e+03   1.7400e+02
  4.1142e+01   4.1738e+01   3.7299e+00   6.2132e-02   9.7501e-02   7.6618e+03   7.0622e+03   7.1426e+03   2.2400e+02
  5.0119e+01   5.0726e+01   3.9249e+00   1.4389e-01   1.7141e-01   1.1612e+04   9.9302e+03   1.0057e+04   3.4500e+02
  6.1054e+01   6.1764e+01   4.1217e+00   1.0866e-01   9.0116e-02   1.5677e+04   1.3704e+04   1.3946e+04   4.4600e+02
  7.4375e+01   7.4734e+01   4.3124e+00   1.1529e-01   8.7804e-02   2.1567e+04   1.8651e+04   1.9034e+04   6.2800e+02
  9.0603e+01   9.1370e+01   4.5134e+00   1.3599e-01   8.5913e-02   2.9116e+04   2.4659e+04   2.5211e+04   8.5000e+02
