## {'tot': 43684026.27158547, 'coords': 'spherical', 'metric': 'Euclidean', 'sep_units': 'arcmin', 'bin_type': 'Log'}
#   r_nom       meanr       meanlogr        xi        sigma_xi        DD           RR           DR         npairs   
  1.1037e-01   1.1037e-01  -2.2039e+00  -9.5645e-01   5.6874e-02   0.0000e+00   1.3204e+00   1.2917e+00   0.0000e+00
  1.3445e-01   1.3445e-01  -2.0065e+00  -9.4958e-01   3.0779e-02   0.0000e+00   1.9272e+00   1.8786e+00   0.0000e+00
  1.6379e-01   1.6379e-01  -1.8092e+00  -9.8208e-01   3.7772e-02   0.0000e+00   2.8420e+00   2.8165e+00   0.0000e+00
  1.9953e-01   1.9060e-01  -1.6576e+00   5.1678e+00   6.2715e+00   2.5685e+01   4.1873e+00   4.1167e+00   1.0000e+00
  2.4306e-01   2.4306e-01  -1.4144e+00  -1.0269e+00   1.9561e-02   0.0000e+00   6.1610e+00   6.2439e+00   0.0000e+00
  2.9609e-01   2.9609e-01  -1.2171e+00  -9.9993e-01   1.9972e-02   0.0000e+00   9.0542e+00   9.0539e+00   0.0000e+00
  3.6070e-01   3.6070e-01  -1.0197e+00  -9.8281e-01   2.0143e-02   0.0000e+00   1.3296e+01   1.3182e+01   0.0000e+00
  4.3940e-01   4.3940e-01  -8.2235e-01  -9.7503e-01   1.8303e-02   0.0000e+00   1.9545e+01   1.9300e+01   0.0000e+00
  5.3527e-01   5.3487e-01  -6.2573e-01  -8.4193e-02   9.3656e-01   2.6404e+01   2.8777e+01   2.8802e+01   1.0000e+00
  6.5206e-01   6.5206e-01  -4.2762e-01  -9.8920e-01   1.2050e-02   0.0000e+00   4.2411e+01   4.2182e+01   0.0000e+00
  7.9433e-01   7.8297e-01  -2.4597e-01   1.7987e+00   2.0834e+00   1.7580e+02   6.2544e+01   6.2923e+01   3.0000e+00
  9.6764e-01   9.5411e-01  -4.6971e-02  -1.9285e-01   8.4318e-01   7.5952e+01   9.2242e+01   9.2991e+01   1.0000e+00
  1.1788e+00   1.1471e+00   1.3409e-01   6.2231e-01   7.7034e-01   2.2158e+02   1.3593e+02   1.3646e+02   4.0000e+00
  1.4360e+00   1.5104e+00   4.1216e-01   1.2037e-01   5.3132e-01   2.2848e+02   2.0017e+02   2.0228e+02   4.0000e+00
  1.7493e+00   1.7521e+00   5.6030e-01  -1.3424e-02   5.2491e-01   2.9191e+02   2.9499e+02   2.9543e+02   6.0000e+00
  2.1309e+00   2.1764e+00   7.7610e-01   2.8874e-01   3.7385e-01   5.6423e+02   4.3404e+02   4.3647e+02   1.0000e+01
  2.5959e+00   2.5867e+00   9.4869e-01   1.1859e-01   5.0350e-01   7.1642e+02   6.3766e+02   6.3923e+02   1.2000e+01
  3.1623e+00   3.1957e+00   1.1603e+00   2.6664e-01   2.4608e-01   1.1950e+03   9.3783e+02   9.4140e+02   2.2000e+01
  3.8522e+00   3.8797e+00   1.3541e+00  -1.6767e-02   2.3018e-01   1.3545e+03   1.3762e+03   1.3769e+03   2.7000e+01
  4.6928e+00   4.7278e+00   1.5521e+00  -3.0021e-01   1.3762e-01   1.4171e+03   2.0241e+03   2.0244e+03   2.7000e+01
  5.7167e+00   5.8566e+00   1.7662e+00  -8.0855e-02   1.2891e-01   2.7579e+03   2.9653e+03   2.9815e+03   5.0000e+01
  6.9640e+00   7.0470e+00   1.9508e+00   2.2385e-01   1.5473e-01   5.3675e+03   4.3477e+03   4.3710e+03   1.0900e+02
  8.4834e+00   8.5082e+00   2.1392e+00   9.8150e-02   1.0564e-01   7.0700e+03   6.3647e+03   6.4050e+03   1.3800e+02
  1.0334e+01   1.0389e+01   2.3392e+00  -5.5975e-02   9.7778e-02   8.9947e+03   9.3384e+03   9.4279e+03   1.7500e+02
  1.2589e+01   1.2673e+01   2.5378e+00  -1.1564e-01   4.9697e-02   1.2398e+04   1.3632e+04   1.3803e+04   2.4400e+02
  1.5336e+01   1.5491e+01   2.7387e+00   5.0132e-02   6.6850e-02   2.1532e+04   1.9950e+04   2.0241e+04   4.0800e+02
  1.8682e+01   1.8833e+01   2.9341e+00  -8.1098e-03   2.7218e-02   2.9457e+04   2.8929e+04   2.9311e+04   5.6900e+02
  2.2758e+01   2.2915e+01   3.1303e+00  -1.4227e-02   4.0202e-02   4.2368e+04   4.2176e+04   4.2572e+04   8.0900e+02
  2.7724e+01   2.7971e+01   3.3296e+00   3.5896e-02   4.1142e-02   6.4423e+04   6.0648e+04   6.1447e+04   1.2310e+03
  3.3773e+01   3.3960e+01   3.5236e+00  -1.8389e-03   2.2716e-02   8.9190e+04   8.7575e+04   8.8463e+04   1.7210e+03
  4.1142e+01   4.1473e+01   3.7236e+00  -4.5207e-02   2.2908e-02   1.2106e+05   1.2419e+05   1.2543e+05   2.3490e+03
  5.0119e+01   5.0537e+01   3.9212e+00  -5.8962e-03   2.4212e-02   1.7945e+05   1.7463e+05   1.7755e+05   3.5140e+03
  6.1054e+01   6.1552e+01   4.1184e+00  -7.1026e-03   2.3308e-02   2.4695e+05   2.4100e+05   2.4483e+05   4.7370e+03
  7.4375e+01   7.4956e+01   4.3154e+00   2.5216e-02   2.2871e-02   3.4554e+05   3.2800e+05   3.3264e+05   6.6570e+03
  9.0603e+01   9.1187e+01   4.5114e+00  -1.5858e-02   1.8124e-02   4.3659e+05   4.3365e+05   4.3856e+05   8.4000e+03
