## {'tot': 3887146402.556344, 'coords': 'spherical', 'metric': 'Euclidean', 'sep_units': 'arcmin', 'bin_type': 'Log'}
#   r_nom       meanr       meanlogr        xi        sigma_xi        DD           RR           DR         npairs   
  1.1037e-01   1.1143e-01  -2.1959e+00   2.5164e+00   9.5395e-01   4.1068e+02   1.1750e+02   1.1626e+02   9.0000e+00
  1.3445e-01   1.3661e-01  -1.9920e+00   2.9623e+00   1.4236e+00   6.7910e+02   1.7149e+02   1.7129e+02   1.5000e+01
  1.6379e-01   1.6115e-01  -1.8267e+00   2.4341e+00   6.7045e-01   8.7125e+02   2.5289e+02   2.5430e+02   2.2000e+01
  1.9953e-01   2.0311e-01  -1.5952e+00   2.1700e+00   3.9127e-01   1.1786e+03   3.7260e+02   3.7131e+02   2.8000e+01
  2.4306e-01   2.4369e-01  -1.4138e+00   2.5007e+00   4.2322e-01   1.9137e+03   5.4822e+02   5.4546e+02   4.8000e+01
  2.9609e-01   2.9944e-01  -1.2073e+00   1.7792e+00   4.4400e-01   2.2372e+03   8.0567e+02   8.0470e+02   5.4000e+01
  3.6070e-01   3.6028e-01  -1.0227e+00   8.8847e-01   1.8497e-01   2.2259e+03   1.1831e+03   1.1789e+03   5.4000e+01
  4.3940e-01   4.4193e-01  -8.1838e-01   1.2517e+00   2.5706e-01   3.9099e+03   1.7391e+03   1.7361e+03   9.9000e+01
  5.3527e-01   5.3636e-01  -6.2435e-01   1.1681e+00   1.4199e-01   5.5195e+03   2.5607e+03   2.5446e+03   1.3000e+02
  6.5206e-01   6.4706e-01  -4.3684e-01   1.0578e+00   1.8512e-01   7.7380e+03   3.7739e+03   3.7600e+03   1.9800e+02
  7.9433e-01   7.9402e-01  -2.3221e-01   1.0184e+00   1.1640e-01   1.1200e+04   5.5653e+03   5.5488e+03   2.8200e+02
  9.6764e-01   9.7998e-01  -2.1888e-02   9.4307e-01   1.5128e-01   1.5909e+04   8.2080e+03   8.1881e+03   3.9700e+02
  1.1788e+00   1.1887e+00   1.7133e-01   7.0041e-01   6.0939e-02   2.0468e+04   1.2095e+04   1.2046e+04   5.1800e+02
  1.4360e+00   1.4433e+00   3.6528e-01   5.1017e-01   6.4640e-02   2.6797e+04   1.7811e+04   1.7761e+04   6.7900e+02
  1.7493e+00   1.7655e+00   5.6680e-01   4.4181e-01   7.8669e-02   3.7601e+04   2.6249e+04   2.6127e+04   9.6500e+02
  2.1309e+00   2.1461e+00   7.6204e-01   3.3515e-01   5.1550e-02   5.1324e+04   3.8622e+04   3.8501e+04   1.3220e+03
  2.5959e+00   2.6207e+00   9.6190e-01   2.4470e-01   4.9674e-02   7.0315e+04   5.6741e+04   5.6586e+04   1.8170e+03
  3.1623e+00   3.1844e+00   1.1567e+00   2.7064e-01   4.1756e-02   1.0557e+05   8.3451e+04   8.3216e+04   2.7220e+03
  3.8522e+00   3.8802e+00   1.3544e+00   2.1098e-01   2.7375e-02   1.4771e+05   1.2246e+05   1.2216e+05   3.8240e+03
  4.6928e+00   4.7288e+00   1.5522e+00   1.8837e-01   3.0150e-02   2.1269e+05   1.8011e+05   1.7944e+05   5.4770e+03
  5.7167e+00   5.7675e+00   1.7507e+00   1.7297e-01   2.0051e-02   3.0874e+05   2.6387e+05   2.6348e+05   8.0040e+03
  6.9640e+00   7.0329e+00   1.9491e+00   1.3094e-01   2.0511e-02   4.3546e+05   3.8688e+05   3.8584e+05   1.1315e+04
  8.4834e+00   8.5495e+00   2.1444e+00   1.1987e-01   1.7309e-02   6.3212e+05   5.6635e+05   5.6529e+05   1.6409e+04
  1.0334e+01   1.0418e+01   2.3420e+00   1.1053e-01   1.3561e-02   9.1709e+05   8.3096e+05   8.2810e+05   2.3782e+04
  1.2589e+01   1.2690e+01   2.5393e+00   8.0378e-02   1.5366e-02   1.3066e+06   1.2130e+06   1.2110e+06   3.4013e+04
  1.5336e+01   1.5473e+01   2.7376e+00   6.4740e-02   1.7755e-02   1.8795e+06   1.7752e+06   1.7699e+06   4.8800e+04
  1.8682e+01   1.8843e+01   2.9347e+00   7.4844e-02   1.5975e-02   2.7603e+06   2.5742e+06   2.5709e+06   7.1828e+04
  2.2758e+01   2.2944e+01   3.1316e+00   5.7301e-02   1.3491e-02   3.9458e+06   3.7529e+06   3.7419e+06   1.0263e+05
  2.7724e+01   2.7959e+01   3.3293e+00   4.7012e-02   1.1351e-02   5.6220e+06   5.3966e+06   5.3825e+06   1.4627e+05
  3.3773e+01   3.4057e+01   3.5266e+00   4.1220e-02   1.2602e-02   8.0295e+06   7.7927e+06   7.7505e+06   2.0876e+05
  4.1142e+01   4.1486e+01   3.7239e+00   3.7740e-02   1.5063e-02   1.1377e+07   1.1051e+07   1.1006e+07   2.9590e+05
  5.0119e+01   5.0540e+01   3.9213e+00   3.4555e-02   1.2293e-02   1.5847e+07   1.5539e+07   1.5425e+07   4.1186e+05
  6.1054e+01   6.1548e+01   4.1184e+00   2.4588e-02   1.2839e-02   2.1706e+07   2.1445e+07   2.1312e+07   5.6383e+05
  7.4375e+01   7.4957e+01   4.3155e+00   9.5911e-03   1.1019e-02   2.9264e+07   2.9186e+07   2.9085e+07   7.5964e+05
  9.0603e+01   9.1270e+01   4.5124e+00   1.4476e-02   1.0480e-02   3.8914e+07   3.8588e+07   3.8472e+07   1.0080e+06
