## {'tot': 56844788.865674555, 'coords': 'spherical', 'metric': 'Euclidean', 'sep_units': 'arcmin', 'bin_type': 'Log'}
#   r_nom       meanr       meanlogr        xi        sigma_xi        DD           RR           DR         npairs   
  1.1037e-01   1.1037e-01  -2.2039e+00  -1.0051e+00   4.3873e-02   0.0000e+00   1.7182e+00   1.7226e+00   0.0000e+00
  1.3445e-01   1.3445e-01  -2.0065e+00  -1.0272e+00   3.7422e-02   0.0000e+00   2.5078e+00   2.5419e+00   0.0000e+00
  1.6379e-01   1.6379e-01  -1.8092e+00  -1.0198e+00   2.8910e-02   0.0000e+00   3.6982e+00   3.7348e+00   0.0000e+00
  1.9953e-01   1.9953e-01  -1.6118e+00  -9.7427e-01   2.2796e-02   0.0000e+00   5.4488e+00   5.3787e+00   0.0000e+00
  2.4306e-01   2.6327e-01  -1.3346e+00   3.2871e+00   4.3715e+00   3.4214e+01   8.0171e+00   7.9392e+00   1.0000e+00
  2.9609e-01   2.9465e-01  -1.2240e+00   9.4475e+00   7.8972e+00   1.2315e+02   1.1782e+01   1.1812e+01   3.0000e+00
  3.6070e-01   3.9434e-01  -9.3055e-01   1.8391e+00   2.9067e+00   4.9073e+01   1.7302e+01   1.7277e+01   1.0000e+00
  4.3940e-01   4.6685e-01  -7.6228e-01   3.3377e+00   3.3627e+00   1.1028e+02   2.5433e+01   2.5413e+01   3.0000e+00
  5.3527e-01   5.6607e-01  -5.6924e-01   9.0978e-01   1.9577e+00   7.1669e+01   3.7447e+01   3.7524e+01   2.0000e+00
  6.5206e-01   6.5658e-01  -4.2211e-01   2.3243e+00   1.8689e+00   1.8435e+02   5.5189e+01   5.5633e+01   4.0000e+00
  7.9433e-01   7.9169e-01  -2.3406e-01   2.8035e+00   2.9008e+00   3.1017e+02   8.1386e+01   8.1692e+01   7.0000e+00
  9.6764e-01   9.6946e-01  -3.2512e-02   7.1451e-01   8.6551e-01   2.0791e+02   1.2003e+02   1.2109e+02   5.0000e+00
  1.1788e+00   1.1972e+00   1.7898e-01   1.2926e+00   1.3761e+00   4.0882e+02   1.7688e+02   1.7854e+02   9.0000e+00
  1.4360e+00   1.4623e+00   3.7902e-01   1.5037e+00   1.7350e+00   6.5597e+02   2.6047e+02   2.6238e+02   1.6000e+01
  1.7493e+00   1.7447e+00   5.5525e-01   7.7438e-01   1.0255e+00   6.8441e+02   3.8386e+02   3.8551e+02   1.6000e+01
  2.1309e+00   2.1094e+00   7.4474e-01   2.1021e+00   1.2168e+00   1.7573e+03   5.6480e+02   5.6740e+02   3.7000e+01
  2.5959e+00   2.6326e+00   9.6624e-01   7.4120e-01   4.3768e-01   1.4493e+03   8.2976e+02   8.3202e+02   2.9000e+01
  3.1623e+00   3.2141e+00   1.1663e+00   2.6495e-01   3.9243e-01   1.5565e+03   1.2204e+03   1.2268e+03   3.1000e+01
  3.8522e+00   3.8325e+00   1.3420e+00   3.2956e-01   2.3179e-01   2.3952e+03   1.7908e+03   1.7979e+03   5.2000e+01
  4.6928e+00   4.7915e+00   1.5653e+00   3.2728e-01   1.5521e-01   3.5304e+03   2.6339e+03   2.6511e+03   7.5000e+01
  5.7167e+00   5.7434e+00   1.7464e+00   1.0497e-01   9.9714e-02   4.3068e+03   3.8587e+03   3.8802e+03   8.1000e+01
  6.9640e+00   7.0531e+00   1.9519e+00   2.2994e-01   8.8859e-02   7.0362e+03   5.6576e+03   5.6964e+03   1.4700e+02
  8.4834e+00   8.5762e+00   2.1473e+00   9.2851e-02   9.9457e-02   9.1698e+03   8.2822e+03   8.3415e+03   1.8700e+02
  1.0334e+01   1.0406e+01   2.3407e+00  -8.6026e-02   6.1321e-02   1.1236e+04   1.2152e+04   1.2216e+04   2.2500e+02
  1.2589e+01   1.2655e+01   2.5366e+00   5.1039e-02   6.2714e-02   1.8891e+04   1.7738e+04   1.7862e+04   3.7900e+02
  1.5336e+01   1.5463e+01   2.7370e+00   1.1009e-01   6.7059e-02   2.9550e+04   2.5960e+04   2.6326e+04   5.9400e+02
  1.8682e+01   1.8764e+01   2.9304e+00  -9.7595e-03   4.5159e-02   3.8192e+04   3.7645e+04   3.8102e+04   7.7300e+02
  2.2758e+01   2.2886e+01   3.1291e+00  -8.1114e-03   3.4619e-02   5.5816e+04   5.4882e+04   5.5572e+04   1.1410e+03
  2.7724e+01   2.7943e+01   3.3286e+00   7.3028e-02   3.8975e-02   8.7212e+04   7.8919e+04   8.0184e+04   1.7800e+03
  3.3773e+01   3.4063e+01   3.5267e+00  -2.4652e-02   2.6585e-02   1.1443e+05   1.1396e+05   1.1560e+05   2.3540e+03
  4.1142e+01   4.1385e+01   3.7214e+00   1.9847e-02   3.2474e-02   1.6968e+05   1.6161e+05   1.6404e+05   3.4490e+03
  5.0119e+01   5.0481e+01   3.9201e+00  -2.3212e-02   1.5619e-02   2.2831e+05   2.2724e+05   2.3041e+05   4.6310e+03
  6.1054e+01   6.1471e+01   4.1171e+00   6.2777e-03   1.6581e-02   3.2154e+05   3.1361e+05   3.1659e+05   6.5430e+03
  7.4375e+01   7.4904e+01   4.3148e+00  -1.3560e-02   1.5021e-02   4.3204e+05   4.2682e+05   4.3232e+05   8.7760e+03
  9.0603e+01   9.1288e+01   4.5125e+00   1.3315e-02   2.3137e-02   5.8120e+05   5.6430e+05   5.6899e+05   1.1835e+04
