## {'tot': 36535989.20446812, 'coords': 'spherical', 'metric': 'Euclidean', 'sep_units': 'arcmin', 'bin_type': 'Log'}
#   r_nom       meanr       meanlogr        xi        sigma_xi        DD           RR           DR         npairs   
  1.4125e-01   1.7107e-01  -1.7782e+00   3.6601e+00   2.5925e+00   1.4586e+02   3.1573e+01   3.0938e+01   3.0000e+00
  2.8184e-01   3.1417e-01  -1.1726e+00   3.0514e+00   1.5372e+00   4.9844e+02   1.2279e+02   1.2328e+02   1.1000e+01
  5.6234e-01   5.9297e-01  -5.4354e-01   8.7738e-01   4.7914e-01   9.0119e+02   4.7818e+02   4.7991e+02   2.0000e+01
  1.1220e+00   1.2121e+00   1.7798e-01   4.8595e-01   1.8818e-01   2.8045e+03   1.8668e+03   1.8821e+03   6.5000e+01
  2.2387e+00   2.4366e+00   8.7119e-01   7.2298e-02   1.1560e-01   7.8609e+03   7.2567e+03   7.2965e+03   1.7900e+02
  4.4668e+00   4.8444e+00   1.5624e+00   1.8794e-01   4.9452e-02   3.3584e+04   2.8074e+04   2.8191e+04   7.5500e+02
  8.9125e+00   9.7136e+00   2.2577e+00   8.5597e-02   3.4573e-02   1.1774e+05   1.0792e+05   1.0821e+05   2.6680e+03
  1.7783e+01   1.9512e+01   2.9554e+00   6.4035e-02   1.8700e-02   4.3920e+05   4.0980e+05   4.1138e+05   1.0035e+04
  3.5481e+01   3.8898e+01   3.6450e+00   3.9968e-02   1.4344e-02   1.5778e+06   1.4925e+06   1.5053e+06   3.5872e+04
  7.0795e+01   7.6678e+01   4.3224e+00  -2.3966e-03   1.1375e-02   4.9894e+06   4.8732e+06   4.9371e+06   1.1343e+05
