## {'tot': 179122518.567103, 'coords': 'spherical', 'metric': 'Euclidean', 'sep_units': 'arcmin', 'bin_type': 'Log'}
#   r_nom       meanr       meanlogr        xi        sigma_xi        DD           RR           DR         npairs   
  1.4125e-01   1.4634e-01  -1.9374e+00   3.7624e+00   1.4309e+00   7.3546e+02   1.5479e+02   1.5393e+02   1.6000e+01
  2.8184e-01   2.9370e-01  -1.2443e+00   2.1520e+00   4.8663e-01   1.8976e+03   6.0199e+02   6.0206e+02   4.3000e+01
  5.6234e-01   6.0021e-01  -5.2684e-01   1.0932e+00   2.6175e-01   4.8975e+03   2.3443e+03   2.3395e+03   1.1000e+02
  1.1220e+00   1.2061e+00   1.7049e-01   6.9212e-01   1.0362e-01   1.5433e+04   9.1525e+03   9.1253e+03   3.6600e+02
  2.2387e+00   2.4402e+00   8.7457e-01   1.6813e-01   4.9540e-02   4.1219e+04   3.5577e+04   3.5407e+04   9.9900e+02
  4.4668e+00   4.8883e+00   1.5706e+00   1.4573e-01   2.7047e-02   1.5580e+05   1.3764e+05   1.3669e+05   3.7740e+03
  8.9125e+00   9.7573e+00   2.2620e+00   7.7591e-02   1.6847e-02   5.6189e+05   5.2908e+05   5.2496e+05   1.3672e+04
  1.7783e+01   1.9474e+01   2.9533e+00   3.3297e-02   1.2734e-02   2.0300e+06   2.0091e+06   1.9861e+06   4.9586e+04
  3.5481e+01   3.8692e+01   3.6395e+00   8.7684e-03   8.8482e-03   7.1219e+06   7.3170e+06   7.1874e+06   1.7413e+05
  7.0795e+01   7.6787e+01   4.3239e+00  -7.1629e-04   6.9400e-03   2.2429e+07   2.3892e+07   2.3169e+07   5.4810e+05
