## {'tot': 2143608.058355988, 'coords': 'spherical', 'metric': 'Euclidean', 'sep_units': 'arcmin', 'bin_type': 'Log'}
#   r_nom       meanr       meanlogr        xi        sigma_xi        DD           RR           DR         npairs   
  1.4125e-01   1.4125e-01  -1.9572e+00  -9.2861e-01   4.7379e-02   0.0000e+00   1.8524e+00   1.7863e+00   0.0000e+00
  2.8184e-01   2.8184e-01  -1.2664e+00  -9.8090e-01   2.5871e-02   0.0000e+00   7.2042e+00   7.1354e+00   0.0000e+00
  5.6234e-01   7.3134e-01  -3.1288e-01   1.3487e+00   2.3637e+00   6.5519e+01   2.8055e+01   2.7868e+01   1.0000e+00
  1.1220e+00   1.1390e+00   9.5536e-02   6.1717e-01   8.8191e-01   1.7814e+02   1.0953e+02   1.1004e+02   3.0000e+00
  2.2387e+00   2.5381e+00   9.2355e-01   5.8608e-01   4.4796e-01   6.8524e+02   4.2576e+02   4.3073e+02   1.2000e+01
  4.4668e+00   4.7071e+00   1.5320e+00   1.0601e-01   1.6158e-01   1.8634e+03   1.6471e+03   1.6680e+03   3.2000e+01
  8.9125e+00   9.5716e+00   2.2438e+00   2.9992e-03   1.1951e-01   6.6480e+03   6.3316e+03   6.4803e+03   1.2700e+02
  1.7783e+01   1.9357e+01   2.9465e+00   4.7788e-02   6.7372e-02   2.6699e+04   2.4044e+04   2.4797e+04   5.0000e+02
  3.5481e+01   3.8200e+01   3.6262e+00  -3.0272e-02   2.9352e-02   8.9571e+04   8.7565e+04   8.9893e+04   1.6870e+03
  7.0795e+01   7.6503e+01   4.3193e+00   6.9193e-03   1.9094e-02   3.0082e+05   2.8592e+05   2.9238e+05   5.6450e+03
