## {'tot': 219912.1350358026, 'coords': 'spherical', 'metric': 'Euclidean', 'sep_units': 'arcmin', 'bin_type': 'Log'}
#   r_nom       meanr       meanlogr        xi        sigma_xi        DD           RR           DR         npairs   
  1.4125e-01   1.4125e-01  -1.9572e+00  -8.9062e-01   7.6640e-02   0.0000e+00   1.9004e-01   1.7965e-01   0.0000e+00
  2.8184e-01   2.8184e-01  -1.2664e+00  -9.1500e-01   3.6349e-02   0.0000e+00   7.3907e-01   7.0766e-01   0.0000e+00
  5.6234e-01   5.1513e-01  -6.6334e-01   1.4951e+01   1.6352e+01   4.5967e+01   2.8782e+00   2.9072e+00   1.0000e+00
  1.1220e+00   9.0210e-01  -1.0302e-01   1.6938e+00   3.7731e+00   3.0002e+01   1.1237e+01   1.1103e+01   1.0000e+00
  2.2387e+00   2.4807e+00   9.0360e-01   3.2936e+00   1.9549e+00   1.8656e+02   4.3678e+01   4.3190e+01   5.0000e+00
  4.4668e+00   5.5442e+00   1.7099e+00   6.4682e-01   4.4756e-01   2.7140e+02   1.6898e+02   1.6554e+02   7.0000e+00
  8.9125e+00   9.5750e+00   2.2441e+00   9.7971e-01   4.3002e-01   1.2717e+03   6.4956e+02   6.4246e+02   3.5000e+01
  1.7783e+01   1.9109e+01   2.9341e+00   2.2399e-01   2.1377e-01   2.9434e+03   2.4666e+03   2.4288e+03   7.9000e+01
  3.5481e+01   3.7918e+01   3.6161e+00  -2.8102e-02   8.3820e-02   8.1593e+03   8.9832e+03   8.6975e+03   2.1900e+02
  7.0795e+01   7.6804e+01   4.3237e+00   5.1260e-02   9.0877e-02   2.7652e+04   2.9332e+04   2.7740e+04   7.4600e+02
