## {'tot': 3334370.751315012, 'coords': 'spherical', 'metric': 'Euclidean', 'sep_units': 'arcmin', 'bin_type': 'Log'}
#   r_nom       meanr       meanlogr        xi        sigma_xi        DD           RR           DR         npairs   
  1.4125e-01   1.4125e-01  -1.9572e+00  -1.0187e+00   3.8999e-02   0.0000e+00   2.8815e+00   2.9084e+00   0.0000e+00
  2.8184e-01   2.8184e-01  -1.2664e+00  -1.0111e+00   2.2604e-02   0.0000e+00   1.1206e+01   1.1268e+01   0.0000e+00
  5.6234e-01   6.6370e-01  -4.1031e-01   1.0426e+00   1.4147e+00   9.0049e+01   4.3640e+01   4.4095e+01   2.0000e+00
  1.1220e+00   1.2845e+00   2.3306e-01  -9.2638e-02   6.4162e-01   1.5459e+02   1.7037e+02   1.7037e+02   3.0000e+00
  2.2387e+00   2.5748e+00   9.3464e-01  -3.2297e-03   3.0228e-01   6.5730e+02   6.6226e+02   6.6085e+02   1.2000e+01
  4.4668e+00   4.7269e+00   1.5359e+00   1.8066e-01   1.7366e-01   3.0435e+03   2.5621e+03   2.5714e+03   6.1000e+01
  8.9125e+00   9.6607e+00   2.2516e+00   1.1839e-02   6.5883e-02   1.0137e+04   9.8488e+03   9.9348e+03   1.9400e+02
  1.7783e+01   1.9417e+01   2.9510e+00   7.9268e-02   6.1456e-02   4.1036e+04   3.7400e+04   3.7735e+04   8.0400e+02
  3.5481e+01   3.8660e+01   3.6382e+00   3.9204e-02   4.1773e-02   1.4509e+05   1.3621e+05   1.3798e+05   2.8250e+03
  7.0795e+01   7.6819e+01   4.3237e+00  -1.8004e-02   2.1241e-02   4.4051e+05   4.4474e+05   4.4663e+05   8.5860e+03
