## {'tot': 3213468324.4240437, 'coords': 'spherical', 'metric': 'Euclidean', 'sep_units': 'arcmin', 'bin_type': 'Log'}
#   r_nom       meanr       meanlogr        xi        sigma_xi        DD           RR           DR         npairs   
  1.4125e-01   1.5259e-01  -1.8971e+00   6.2851e-01   1.2223e-01   4.4961e+03   2.7770e+03   2.7639e+03   1.1800e+02
  2.8184e-01   3.0516e-01  -1.2060e+00   2.4382e-01   5.8991e-02   1.3428e+04   1.0800e+04   1.0798e+04   3.5900e+02
  5.6234e-01   6.1113e-01  -5.1003e-01   1.6966e-01   3.6202e-02   4.9373e+04   4.2058e+04   4.2148e+04   1.3210e+03
  1.1220e+00   1.2227e+00   1.8437e-01   1.2679e-01   1.9976e-02   1.8625e+05   1.6420e+05   1.6481e+05   4.9780e+03
  2.2387e+00   2.4537e+00   8.8163e-01   6.7834e-02   1.1584e-02   6.8285e+05   6.3825e+05   6.3890e+05   1.8225e+04
  4.4668e+00   4.8912e+00   1.5717e+00   3.9615e-02   9.6995e-03   2.5699e+06   2.4692e+06   2.4706e+06   6.8602e+04
  8.9125e+00   9.7718e+00   2.2636e+00   2.6353e-02   8.8543e-03   9.7724e+06   9.4917e+06   9.5070e+06   2.6085e+05
  1.7783e+01   1.9490e+01   2.9540e+00   1.7577e-02   8.0567e-03   3.7013e+07   3.6044e+07   3.6212e+07   9.8688e+05
  3.5481e+01   3.8770e+01   3.6414e+00   8.6700e-03   5.8096e-03   1.3344e+08   1.3127e+08   1.3179e+08   3.5507e+06
  7.0795e+01   7.6874e+01   4.3252e+00   3.0550e-03   3.0393e-03   4.3786e+08   4.2862e+08   4.3258e+08   1.1626e+07
