## {'tot': 32943473.19397855, 'coords': 'spherical', 'metric': 'Euclidean', 'sep_units': 'arcmin', 'bin_type': 'Log'}
#   r_nom       meanr       meanlogr        xi        sigma_xi        DD           RR           DR         npairs   
  1.4125e-01   1.2768e-01  -2.0648e+00  -2.0153e-02   6.9256e-01   6.2382e+01   6.4769e+01   6.4228e+01   2.0000e+00
  2.8184e-01   2.9617e-01  -1.2352e+00   1.1786e+00   4.6101e-01   5.4513e+02   2.5162e+02   2.5010e+02   1.3000e+01
  5.6234e-01   6.1664e-01  -5.0538e-01   1.0843e+00   3.1148e-01   2.0288e+03   9.7968e+02   9.7311e+02   5.5000e+01
  1.1220e+00   1.2229e+00   1.8400e-01   6.5213e-01   1.4162e-01   6.2753e+03   3.8164e+03   3.8015e+03   1.7000e+02
  2.2387e+00   2.4400e+00   8.7350e-01   2.6725e-01   1.0038e-01   1.8372e+04   1.4779e+04   1.4601e+04   4.9500e+02
  4.4668e+00   4.8486e+00   1.5618e+00   1.6098e-01   4.9887e-02   6.4046e+04   5.6635e+04   5.5782e+04   1.7280e+03
  8.9125e+00   9.7590e+00   2.2624e+00   8.5254e-02   2.9610e-02   2.2504e+05   2.1462e+05   2.1068e+05   6.1050e+03
  1.7783e+01   1.9439e+01   2.9513e+00   2.8181e-02   2.0281e-02   7.8889e+05   8.0142e+05   7.8386e+05   2.1470e+04
  3.5481e+01   3.8675e+01   3.6390e+00   9.3792e-03   1.8447e-02   2.7379e+06   2.8615e+06   2.7863e+06   7.4748e+04
  7.0795e+01   7.5889e+01   4.3118e+00   6.0666e-04   7.6393e-03   7.8588e+06   8.3775e+06   8.1156e+06   2.1448e+05
