## {'tot': 690049953.9167395, 'coords': 'spherical', 'metric': 'Euclidean', 'sep_units': 'arcmin', 'bin_type': 'Log'}
#   r_nom       meanr       meanlogr        xi        sigma_xi        DD           RR           DR         npairs   
  1.4125e-01   1.5363e-01  -1.8901e+00   7.9587e-01   2.5575e-01   2.4107e+03   1.3567e+03   1.3438e+03   6.3000e+01
  2.8184e-01   3.0168e-01  -1.2167e+00   4.2235e-01   1.0770e-01   7.4763e+03   5.2706e+03   5.2604e+03   1.9700e+02
  5.6234e-01   6.1503e-01  -5.0272e-01   2.0181e-01   5.6559e-02   2.4710e+04   2.0521e+04   2.0545e+04   6.6000e+02
  1.1220e+00   1.2320e+00   1.9246e-01   8.3477e-02   2.0585e-02   8.7605e+04   7.9940e+04   8.0436e+04   2.2870e+03
  2.2387e+00   2.4394e+00   8.7530e-01   5.1819e-02   2.0777e-02   3.2893e+05   3.0957e+05   3.1123e+05   8.5780e+03
  4.4668e+00   4.8915e+00   1.5717e+00   3.9241e-02   1.2618e-02   1.2431e+06   1.1863e+06   1.1914e+06   3.2559e+04
  8.9125e+00   9.7664e+00   2.2632e+00   2.4661e-02   6.5639e-03   4.6554e+06   4.4956e+06   4.5201e+06   1.2184e+05
  1.7783e+01   1.9469e+01   2.9528e+00   8.2971e-03   5.0130e-03   1.7182e+07   1.6787e+07   1.6915e+07   4.4977e+05
  3.5481e+01   3.8699e+01   3.6396e+00   1.0813e-03   2.8371e-03   6.0971e+07   5.9938e+07   6.0422e+07   1.5971e+06
  7.0795e+01   7.5902e+01   4.3122e+00  -1.6799e-03   2.0332e-03   1.7641e+08   1.7548e+08   1.7609e+08   4.6169e+06
