## {'tot': 24161654.350520488, 'coords': 'spherical', 'metric': 'Euclidean', 'sep_units': 'arcmin', 'bin_type': 'Log'}
#   r_nom       meanr       meanlogr        xi        sigma_xi        DD           RR           DR         npairs   
  1.4125e-01   1.9339e-01  -1.6430e+00  -4.8784e-01   5.0932e-01   2.3661e+01   4.7503e+01   4.7169e+01   1.0000e+00
  2.8184e-01   3.1294e-01  -1.1797e+00   5.3238e-01   3.7557e-01   2.8183e+02   1.8455e+02   1.8406e+02   9.0000e+00
  5.6234e-01   5.9308e-01  -5.4337e-01   7.6189e-01   3.2033e-01   1.2561e+03   7.1852e+02   7.1358e+02   3.8000e+01
  1.1220e+00   1.2114e+00   1.7383e-01   5.7089e-01   1.1174e-01   4.3933e+03   2.7991e+03   2.7972e+03   1.3400e+02
  2.2387e+00   2.4441e+00   8.7818e-01   3.8471e-01   8.4827e-02   1.5056e+04   1.0839e+04   1.0863e+04   4.5900e+02
  4.4668e+00   4.9036e+00   1.5743e+00   3.2276e-01   8.0655e-02   5.5287e+04   4.1538e+04   4.1709e+04   1.6860e+03
  8.9125e+00   9.7134e+00   2.2572e+00   1.9111e-01   4.6166e-02   1.8905e+05   1.5741e+05   1.5819e+05   5.8140e+03
  1.7783e+01   1.9400e+01   2.9492e+00   1.2725e-01   4.2891e-02   6.8108e+05   5.8778e+05   5.9703e+05   2.1074e+04
  3.5481e+01   3.8621e+01   3.6376e+00   8.0693e-02   3.2339e-02   2.4142e+06   2.0987e+06   2.1718e+06   7.4525e+04
  7.0795e+01   7.5719e+01   4.3095e+00   3.2594e-03   1.3975e-02   6.8635e+06   6.1443e+06   6.4939e+06   2.1137e+05
