## {'tot': 674215.9716420086, 'coords': 'spherical', 'metric': 'Euclidean', 'sep_units': 'arcmin', 'bin_type': 'Log'}
#   r_nom       meanr       meanlogr        xi        sigma_xi        DD           RR           DR         npairs   
  1.4125e-01   1.4125e-01  -1.9572e+00  -1.0664e+00   3.9352e-02   0.0000e+00   1.3255e+00   1.3695e+00   0.0000e+00
  2.8184e-01   3.2306e-01  -1.1404e+00   3.2479e+01   1.9734e+01   1.7222e+02   5.1497e+00   5.0583e+00   4.0000e+00
  5.6234e-01   6.4764e-01  -4.4944e-01   6.9871e+00   8.0727e+00   1.5943e+02   2.0050e+01   1.9693e+01   4.0000e+00
  1.1220e+00   1.2971e+00   2.4493e-01   7.6989e+00   7.8488e+00   6.7783e+02   7.8106e+01   7.7303e+01   1.6000e+01
  2.2387e+00   2.1970e+00   7.7398e-01   5.5632e+00   4.5684e+00   1.9821e+03   3.0246e+02   3.0095e+02   4.4000e+01
  4.4668e+00   4.7138e+00   1.5311e+00   1.1881e+00   6.0858e-01   2.5236e+03   1.1591e+03   1.1528e+03   5.5000e+01
  8.9125e+00   9.3391e+00   2.2166e+00   1.8939e-01   2.4749e-01   5.3408e+03   4.3925e+03   4.4507e+03   1.1500e+02
  1.7783e+01   1.8976e+01   2.9262e+00   1.0345e-02   1.1480e-01   1.7680e+04   1.6402e+04   1.6956e+04   3.7700e+02
  3.5481e+01   3.8198e+01   3.6242e+00  -7.6934e-02   7.6319e-02   5.6868e+04   5.8563e+04   5.9968e+04   1.2280e+03
  7.0795e+01   7.6226e+01   4.3158e+00  -5.7065e-02   3.5747e-02   1.5689e+05   1.7145e+05   1.6906e+05   3.3810e+03
