## {'tot': 396251.38654937665, 'coords': 'spherical', 'metric': 'Euclidean', 'sep_units': 'arcmin', 'bin_type': 'Log'}
#   r_nom       meanr       meanlogr        xi        sigma_xi        DD           RR           DR         npairs   
  1.4125e-01   1.4125e-01  -1.9572e+00  -9.2570e-01   5.4477e-02   0.0000e+00   7.7905e-01   7.5011e-01   0.0000e+00
  2.8184e-01   2.8184e-01  -1.2664e+00  -1.0117e+00   4.5586e-02   0.0000e+00   3.0266e+00   3.0443e+00   0.0000e+00
  5.6234e-01   5.6234e-01  -5.7565e-01  -1.0285e+00   2.4906e-02   0.0000e+00   1.1784e+01   1.1952e+01   0.0000e+00
  1.1220e+00   1.3014e+00   2.5158e-01   1.3789e+00   1.6844e+00   1.1052e+02   4.5905e+01   4.6561e+01   2.0000e+00
  2.2387e+00   2.5431e+00   9.0208e-01  -5.6005e-01   3.4661e-01   8.1909e+01   1.7776e+02   1.7961e+02   2.0000e+00
  4.4668e+00   5.2565e+00   1.6342e+00   3.2612e-01   3.5704e-01   9.3106e+02   6.8122e+02   6.9506e+02   1.9000e+01
  8.9125e+00   9.4472e+00   2.2262e+00  -8.7057e-02   1.2815e-01   2.5155e+03   2.5815e+03   2.6609e+03   5.3000e+01
  1.7783e+01   2.0022e+01   2.9808e+00  -1.4760e-01   4.7036e-02   9.0374e+03   9.6396e+03   1.0050e+04   1.8400e+02
  3.5481e+01   3.8965e+01   3.6442e+00   4.0416e-02   4.4604e-02   3.8038e+04   3.4418e+04   3.5533e+04   7.8800e+02
  7.0795e+01   7.5876e+01   4.3108e+00  -1.6489e-02   1.9572e-02   1.0050e+05   1.0077e+05   1.0147e+05   2.1240e+03
