## {'tot': 7631904.702315877, 'coords': 'spherical', 'metric': 'Euclidean', 'sep_units': 'arcmin', 'bin_type': 'Log'}
#   r_nom       meanr       meanlogr        xi        sigma_xi        DD           RR           DR         npairs   
  1.4125e-01   1.4125e-01  -1.9572e+00  -9.9057e-01   2.6806e-02   0.0000e+00   1.5005e+01   1.4934e+01   0.0000e+00
  2.8184e-01   3.3037e-01  -1.1158e+00   3.0825e-01   8.8703e-01   7.6365e+01   5.8292e+01   5.8344e+01   2.0000e+00
  5.6234e-01   5.4206e-01  -6.3301e-01   1.2566e+00   6.4721e-01   5.1432e+02   2.2696e+02   2.2804e+02   1.3000e+01
  1.1220e+00   1.2717e+00   2.2113e-01   7.4251e-01   3.3462e-01   1.5407e+03   8.8414e+02   8.8418e+02   3.6000e+01
  2.2387e+00   2.4186e+00   8.6728e-01  -5.2086e-04   9.9878e-02   3.4140e+03   3.4238e+03   3.4198e+03   9.2000e+01
  4.4668e+00   4.8334e+00   1.5587e+00   8.3611e-02   6.5551e-02   1.4108e+04   1.3120e+04   1.3066e+04   3.6100e+02
  8.9125e+00   9.7175e+00   2.2574e+00  -1.0238e-03   3.7054e-02   4.8909e+04   4.9721e+04   4.9341e+04   1.2870e+03
  1.7783e+01   1.9508e+01   2.9547e+00   2.9377e-02   2.6082e-02   1.8684e+05   1.8566e+05   1.8352e+05   4.8750e+03
  3.5481e+01   3.8688e+01   3.6394e+00   8.8624e-03   1.5206e-02   6.4954e+05   6.6291e+05   6.5329e+05   1.7064e+04
  7.0795e+01   7.6111e+01   4.3147e+00   7.2049e-03   1.0561e-02   1.8668e+06   1.9408e+06   1.8968e+06   4.9112e+04
