## {'tot': 43161678.36817539, 'coords': 'spherical', 'metric': 'Euclidean', 'sep_units': 'arcmin', 'bin_type': 'Log'}
#   r_nom       meanr       meanlogr        xi        sigma_xi        DD           RR           DR         npairs   
  1.4125e-01   1.4708e-01  -1.9537e+00   1.0537e+00   1.4091e+00   7.1236e+01   3.5549e+01   3.4663e+01   2.0000e+00
  2.8184e-01   3.4469e-01  -1.0718e+00   1.7059e+00   1.1341e+00   3.7176e+02   1.3720e+02   1.3746e+02   9.0000e+00
  5.6234e-01   5.8520e-01  -5.4845e-01   2.7453e-01   3.7015e-01   6.7948e+02   5.3184e+02   5.3266e+02   1.6000e+01
  1.1220e+00   1.1938e+00   1.5852e-01   6.1168e-01   2.2333e-01   3.3250e+03   2.0720e+03   2.0648e+03   8.2000e+01
  2.2387e+00   2.4781e+00   8.8914e-01   1.0199e-01   7.6870e-02   8.8105e+03   8.0250e+03   8.0085e+03   2.1900e+02
  4.4668e+00   4.8390e+00   1.5596e+00   1.6106e-01   4.4415e-02   3.5641e+04   3.0873e+04   3.0771e+04   8.8800e+02
  8.9125e+00   9.7346e+00   2.2599e+00   6.6362e-02   2.5755e-02   1.2434e+05   1.1774e+05   1.1713e+05   3.0800e+03
  1.7783e+01   1.9441e+01   2.9514e+00   3.2369e-02   1.7658e-02   4.5102e+05   4.4258e+05   4.3963e+05   1.1218e+04
  3.5481e+01   3.8655e+01   3.6388e+00   2.2275e-02   1.2766e-02   1.5984e+06   1.5871e+06   1.5751e+06   3.9763e+04
  7.0795e+01   7.6381e+01   4.3187e+00   5.6593e-03   9.7116e-03   4.8119e+06   4.8662e+06   4.8253e+06   1.1999e+05
