## {'tot': 67597910.48510715, 'coords': 'spherical', 'metric': 'Euclidean', 'sep_units': 'arcmin', 'bin_type': 'Log'}
#   r_nom       meanr       meanlogr        xi        sigma_xi        DD           RR           DR         npairs   
  1.4125e-01   1.9429e-01  -1.6384e+00  -3.8828e-01   6.0428e-01   3.3716e+01   5.5675e+01   5.5504e+01   1.0000e+00
  2.8184e-01   2.8225e-01  -1.2821e+00   1.9163e-01   4.2742e-01   2.5492e+02   2.1488e+02   2.1431e+02   7.0000e+00
  5.6234e-01   5.9762e-01  -5.3234e-01   1.0102e+00   2.0947e-01   1.6688e+03   8.3295e+02   8.3012e+02   5.3000e+01
  1.1220e+00   1.2278e+00   1.8797e-01   6.5914e-01   1.4821e-01   5.3948e+03   3.2451e+03   3.2505e+03   1.6400e+02
  2.2387e+00   2.4398e+00   8.7501e-01   3.5876e-01   9.4741e-02   1.7226e+04   1.2568e+04   1.2643e+04   5.3700e+02
  4.4668e+00   4.8855e+00   1.5696e+00   2.3528e-01   6.9151e-02   6.0119e+04   4.8351e+04   4.8547e+04   1.8680e+03
  8.9125e+00   9.7604e+00   2.2628e+00   1.3896e-01   4.4510e-02   2.1347e+05   1.8439e+05   1.8612e+05   6.6800e+03
  1.7783e+01   1.9454e+01   2.9523e+00   9.1202e-02   3.7291e-02   7.7593e+05   6.9314e+05   7.0293e+05   2.4498e+04
  3.5481e+01   3.8620e+01   3.6377e+00   5.0633e-02   2.8678e-02   2.6873e+06   2.4857e+06   2.5236e+06   8.4725e+04
  7.0795e+01   7.6353e+01   4.3182e+00   1.5206e-02   1.4646e-02   7.9866e+06   7.6213e+06   7.7460e+06   2.5226e+05
