## {'tot': 180828624.92167252, 'coords': 'spherical', 'metric': 'Euclidean', 'sep_units': 'arcmin', 'bin_type': 'Log'}
#   r_nom       meanr       meanlogr        xi        sigma_xi        DD           RR           DR         npairs   
  1.4125e-01   1.3485e-01  -2.0111e+00   1.3481e+00   6.9568e-01   3.4878e+02   1.4893e+02   1.4847e+02   8.0000e+00
  2.8184e-01   2.7332e-01  -1.3122e+00   1.1690e+00   4.2440e-01   1.2433e+03   5.7482e+02   5.7307e+02   3.1000e+01
  5.6234e-01   6.1835e-01  -4.9850e-01   1.1690e+00   2.5455e-01   4.8387e+03   2.2282e+03   2.2310e+03   1.2200e+02
  1.1220e+00   1.2118e+00   1.7633e-01   5.5872e-01   1.1378e-01   1.3493e+04   8.6809e+03   8.6616e+03   3.4400e+02
  2.2387e+00   2.4551e+00   8.8146e-01   3.2052e-01   5.6456e-02   4.4563e+04   3.3621e+04   3.3704e+04   1.1520e+03
  4.4668e+00   4.8837e+00   1.5700e+00   1.5409e-01   3.5221e-02   1.5029e+05   1.2934e+05   1.2985e+05   3.9000e+03
  8.9125e+00   9.7422e+00   2.2607e+00   8.7734e-02   2.4068e-02   5.3898e+05   4.9326e+05   4.9448e+05   1.4098e+04
  1.7783e+01   1.9479e+01   2.9536e+00   4.6662e-02   2.2691e-02   1.9665e+06   1.8542e+06   1.8671e+06   5.1558e+04
  3.5481e+01   3.8744e+01   3.6409e+00   3.8229e-02   1.8519e-02   7.0087e+06   6.6495e+06   6.7020e+06   1.8374e+05
  7.0795e+01   7.6346e+01   4.3181e+00   1.6441e-02   1.3564e-02   2.1278e+07   2.0387e+07   2.0665e+07   5.5734e+05
