## {'tot': 1987353.8258730278, 'coords': 'spherical', 'metric': 'Euclidean', 'sep_units': 'arcmin', 'bin_type': 'Log'}
#   r_nom       meanr       meanlogr        xi        sigma_xi        DD           RR           DR         npairs   
  1.4125e-01   1.4125e-01  -1.9572e+00  -1.0478e+00   4.7159e-02   0.0000e+00   1.6368e+00   1.6759e+00   0.0000e+00
  2.8184e-01   2.8184e-01  -1.2664e+00  -1.0141e+00   2.4118e-02   0.0000e+00   6.3175e+00   6.3621e+00   0.0000e+00
  5.6234e-01   5.3487e-01  -6.2573e-01   8.6205e-02   1.0865e+00   2.6404e+01   2.4488e+01   2.4391e+01   1.0000e+00
  1.1220e+00   1.1610e+00   1.0296e-01   6.7724e-02   7.3368e-01   1.0017e+02   9.5405e+01   9.4559e+01   2.0000e+00
  2.2387e+00   2.6791e+00   9.6496e-01  -2.1235e-01   3.1308e-01   2.8195e+02   3.6950e+02   3.6496e+02   5.0000e+00
  4.4668e+00   4.8083e+00   1.5489e+00  -3.6269e-01   1.3513e-01   8.5696e+02   1.4215e+03   1.3970e+03   1.8000e+01
  8.9125e+00   9.7412e+00   2.2612e+00   2.3289e-03   8.5433e-02   5.1172e+03   5.4210e+03   5.2628e+03   1.0200e+02
  1.7783e+01   1.9484e+01   2.9540e+00  -2.7889e-02   4.2803e-02   1.8376e+04   2.0378e+04   1.9661e+04   3.7000e+02
  3.5481e+01   3.8631e+01   3.6374e+00  -2.2120e-02   3.3920e-02   6.6243e+04   7.3079e+04   7.0469e+04   1.3060e+03
  7.0795e+01   7.6868e+01   4.3242e+00   2.0780e-03   1.7172e-02   2.1261e+05   2.2406e+05   2.1810e+05   4.1840e+03
