## {'tot': 2828161143.6002717, 'coords': 'spherical', 'metric': 'Euclidean', 'sep_units': 'arcmin', 'bin_type': 'Log'}
#   r_nom       meanr       meanlogr        xi        sigma_xi        DD           RR           DR         npairs   
  1.4125e-01   1.4939e-01  -1.9192e+00   6.2718e-01   1.6087e-01   3.7859e+03   2.3293e+03   2.3272e+03   9.7000e+01
  2.8184e-01   3.0946e-01  -1.1899e+00   3.3298e-01   7.1180e-02   1.1975e+04   8.9902e+03   8.9859e+03   3.0800e+02
  5.6234e-01   6.1104e-01  -5.0974e-01   1.5922e-01   3.7196e-02   4.0700e+04   3.4849e+04   3.5000e+04   1.0570e+03
  1.1220e+00   1.2237e+00   1.8496e-01   6.4932e-02   2.2379e-02   1.4583e+05   1.3577e+05   1.3639e+05   3.7630e+03
  2.2387e+00   2.4492e+00   8.7983e-01   7.9618e-02   1.1002e-02   5.7024e+05   5.2583e+05   5.2711e+05   1.4713e+04
  4.4668e+00   4.8953e+00   1.5725e+00   4.1140e-02   9.2132e-03   2.1165e+06   2.0229e+06   2.0281e+06   5.4424e+04
  8.9125e+00   9.7604e+00   2.2625e+00   3.5679e-02   7.1904e-03   8.0495e+06   7.7146e+06   7.7444e+06   2.0721e+05
  1.7783e+01   1.9468e+01   2.9528e+00   2.4346e-02   5.3443e-03   3.0016e+07   2.9000e+07   2.9155e+07   7.7204e+05
  3.5481e+01   3.8716e+01   3.6401e+00   1.7082e-02   5.4169e-03   1.0681e+08   1.0400e+08   1.0452e+08   2.7462e+06
  7.0795e+01   7.6409e+01   4.3190e+00   1.2988e-02   4.6425e-03   3.2714e+08   3.1886e+08   3.2093e+08   8.4028e+06
