## {'tot': 2994261.2379982956, 'coords': 'spherical', 'metric': 'Euclidean', 'sep_units': 'arcmin', 'bin_type': 'Log'}
#   r_nom       meanr       meanlogr        xi        sigma_xi        DD           RR           DR         npairs   
  1.4125e-01   1.4125e-01  -1.9572e+00  -9.7070e-01   3.6134e-02   0.0000e+00   2.4661e+00   2.4300e+00   0.0000e+00
  2.8184e-01   2.6327e-01  -1.3346e+00   2.5839e+00   3.6354e+00   3.4214e+01   9.5182e+00   9.5692e+00   1.0000e+00
  5.6234e-01   6.5862e-01  -4.3743e-01   8.1660e+00   9.2722e+00   3.3831e+02   3.6896e+01   3.6955e+01   8.0000e+00
  1.1220e+00   1.1647e+00   1.3531e-01   1.3868e+00   1.5663e+00   3.4426e+02   1.4374e+02   1.4433e+02   9.0000e+00
  2.2387e+00   2.5528e+00   9.2423e-01   4.2029e-01   4.1496e-01   7.9508e+02   5.5672e+02   5.5891e+02   1.6000e+01
  4.4668e+00   4.9958e+00   1.5930e+00   2.7786e-01   1.7747e-01   2.7848e+03   2.1417e+03   2.1657e+03   5.2000e+01
  8.9125e+00   9.8377e+00   2.2679e+00   1.6876e-01   9.2728e-02   9.6351e+03   8.1677e+03   8.2122e+03   1.9300e+02
  1.7783e+01   1.9477e+01   2.9536e+00  -9.9118e-02   4.2321e-02   2.8391e+04   3.0703e+04   3.1069e+04   5.7300e+02
  3.5481e+01   3.8362e+01   3.6310e+00  -7.2972e-03   3.3425e-02   1.0975e+05   1.1011e+05   1.1033e+05   2.2810e+03
  7.0795e+01   7.6280e+01   4.3166e+00   2.3911e-02   2.0690e-02   3.3924e+05   3.3758e+05   3.3438e+05   7.0320e+03
