## {'tot': 101214079.53320065, 'coords': 'spherical', 'metric': 'Euclidean', 'sep_units': 'arcmin', 'bin_type': 'Log'}
#   r_nom       meanr       meanlogr        xi        sigma_xi        DD           RR           DR         npairs   
  1.1037e-01   1.1175e-01  -2.1915e+00   2.8405e+00   3.9264e+00   5.6142e+01   1.4358e+01   1.4858e+01   1.0000e+00
  1.3445e-01   1.3776e-01  -1.9822e+00   3.2440e-01   1.2952e+00   2.7179e+01   2.0991e+01   2.0680e+01   1.0000e+00
  1.6379e-01   1.7607e-01  -1.7369e+00   5.2300e-01   1.5513e+00   4.8043e+01   3.1020e+01   3.1420e+01   1.0000e+00
  1.9953e-01   2.0892e-01  -1.5669e+00   2.7702e-01   9.3164e-01   6.0095e+01   4.5831e+01   4.6615e+01   2.0000e+00
  2.4306e-01   2.5028e-01  -1.3863e+00   2.5501e+00   1.7635e+00   2.3812e+02   6.7651e+01   6.6628e+01   7.0000e+00
  2.9609e-01   2.9721e-01  -1.2139e+00   1.9839e+00   1.1696e+00   2.9838e+02   9.9782e+01   1.0010e+02   8.0000e+00
  3.6070e-01   3.6389e-01  -1.0128e+00   1.9766e+00   8.6378e-01   4.3698e+02   1.4701e+02   1.4671e+02   1.0000e+01
  4.3940e-01   4.4794e-01  -8.0438e-01   9.7807e-01   7.3064e-01   4.2814e+02   2.1679e+02   2.1645e+02   1.2000e+01
  5.3527e-01   5.4960e-01  -5.9969e-01   1.1056e+00   5.1936e-01   6.7030e+02   3.1984e+02   3.1826e+02   1.8000e+01
  6.5206e-01   6.5815e-01  -4.2027e-01   6.9762e-01   3.2443e-01   7.9799e+02   4.7193e+02   4.7035e+02   2.4000e+01
  7.9433e-01   7.9488e-01  -2.3100e-01   8.5418e-01   2.6988e-01   1.2917e+03   6.9675e+02   6.9663e+02   3.5000e+01
  9.6764e-01   9.6009e-01  -4.2346e-02   5.9154e-01   2.3879e-01   1.6382e+03   1.0290e+03   1.0293e+03   4.8000e+01
  1.1788e+00   1.1950e+00   1.7670e-01   4.4238e-01   1.3509e-01   2.1826e+03   1.5189e+03   1.5148e+03   6.1000e+01
  1.4360e+00   1.4598e+00   3.7670e-01   3.8887e-01   1.6364e-01   3.1131e+03   2.2387e+03   2.2406e+03   8.8000e+01
  1.7493e+00   1.7769e+00   5.7332e-01   2.3573e-01   1.6141e-01   4.0720e+03   3.3021e+03   3.2978e+03   1.1600e+02
  2.1309e+00   2.1645e+00   7.7091e-01   2.9848e-01   1.0410e-01   6.3050e+03   4.8712e+03   4.8612e+03   1.7900e+02
  2.5959e+00   2.6028e+00   9.5505e-01   2.1841e-01   9.8519e-02   8.7888e+03   7.1595e+03   7.1923e+03   2.5100e+02
  3.1623e+00   3.1891e+00   1.1581e+00   3.2746e-01   9.8125e-02   1.4004e+04   1.0553e+04   1.0550e+04   3.9400e+02
  3.8522e+00   3.8952e+00   1.3582e+00   1.8207e-01   6.4738e-02   1.8388e+04   1.5527e+04   1.5544e+04   5.2800e+02
  4.6928e+00   4.7230e+00   1.5509e+00   2.1865e-01   5.6748e-02   2.7882e+04   2.2853e+04   2.2869e+04   8.0000e+02
  5.7167e+00   5.7478e+00   1.7473e+00   1.1959e-01   4.9303e-02   3.7758e+04   3.3587e+04   3.3665e+04   1.0860e+03
  6.9640e+00   7.0297e+00   1.9486e+00   1.1212e-01   4.5029e-02   5.4683e+04   4.9237e+04   4.9200e+04   1.5660e+03
  8.4834e+00   8.5304e+00   2.1421e+00   6.1420e-02   2.9751e-02   7.7176e+04   7.2521e+04   7.2621e+04   2.2140e+03
  1.0334e+01   1.0435e+01   2.3437e+00   7.7874e-02   3.0663e-02   1.1457e+05   1.0638e+05   1.0634e+05   3.2950e+03
  1.2589e+01   1.2692e+01   2.5395e+00   2.4936e-02   1.7296e-02   1.6067e+05   1.5626e+05   1.5652e+05   4.6640e+03
  1.5336e+01   1.5461e+01   2.7368e+00   2.6441e-02   2.2242e-02   2.3344e+05   2.2876e+05   2.2808e+05   6.7530e+03
  1.8682e+01   1.8834e+01   2.9341e+00   7.7500e-03   2.2060e-02   3.3234e+05   3.3428e+05   3.3202e+05   9.6120e+03
  2.2758e+01   2.2965e+01   3.1325e+00   1.2063e-02   1.3395e-02   4.8460e+05   4.8669e+05   4.8271e+05   1.4081e+04
  2.7724e+01   2.7970e+01   3.3297e+00   2.0638e-02   1.5937e-02   7.1039e+05   7.0515e+05   7.0049e+05   2.0625e+04
  3.3773e+01   3.4079e+01   3.5272e+00   2.4983e-02   1.3933e-02   1.0344e+06   1.0212e+06   1.0150e+06   2.9951e+04
  4.1142e+01   4.1499e+01   3.7242e+00   1.5498e-02   1.0902e-02   1.4641e+06   1.4604e+06   1.4509e+06   4.2525e+04
  5.0119e+01   5.0533e+01   3.9212e+00   2.1264e-02   1.2924e-02   2.0620e+06   2.0740e+06   2.0460e+06   5.9699e+04
  6.1054e+01   6.1545e+01   4.1183e+00   5.6776e-03   6.1402e-03   2.8393e+06   2.8954e+06   2.8591e+06   8.2402e+04
  7.4375e+01   7.4920e+01   4.3149e+00   5.4461e-03   8.0431e-03   3.9143e+06   4.0300e+06   3.9612e+06   1.1362e+05
  9.0603e+01   9.1345e+01   4.5132e+00  -4.1292e-03   7.0186e-03   5.2498e+06   5.4481e+06   5.3602e+06   1.5240e+05
