## {'tot': 201673018322.8685, 'coords': 'spherical', 'metric': 'Euclidean', 'sep_units': 'arcmin', 'bin_type': 'Log'}
#   r_nom       meanr       meanlogr        xi        sigma_xi        DD           RR           DR         npairs   
  1.1037e-01   1.1130e-01  -2.1971e+00   4.7182e-01   5.1347e-02   4.1924e+04   2.8608e+04   2.8517e+04   8.1900e+02
  1.3445e-01   1.3523e-01  -2.0024e+00   4.3255e-01   3.6035e-02   5.9923e+04   4.1826e+04   4.1829e+04   1.1850e+03
  1.6379e-01   1.6488e-01  -1.8041e+00   3.7698e-01   3.2082e-02   8.4764e+04   6.1809e+04   6.1636e+04   1.6840e+03
  1.9953e-01   2.0120e-01  -1.6050e+00   3.5667e-01   2.3441e-02   1.2379e+05   9.1321e+04   9.1272e+04   2.4350e+03
  2.4306e-01   2.4476e-01  -1.4091e+00   3.1077e-01   2.5140e-02   1.7624e+05   1.3480e+05   1.3457e+05   3.5160e+03
  2.9609e-01   2.9853e-01  -1.2105e+00   2.4630e-01   1.9308e-02   2.4742e+05   1.9882e+05   1.9863e+05   4.9600e+03
  3.6070e-01   3.6335e-01  -1.0140e+00   1.8830e-01   1.5788e-02   3.4637e+05   2.9293e+05   2.9207e+05   6.9490e+03
  4.3940e-01   4.4276e-01  -8.1630e-01   1.8383e-01   1.2701e-02   5.0979e+05   4.3197e+05   4.3118e+05   1.0256e+04
  5.3527e-01   5.3947e-01  -6.1875e-01   1.4130e-01   9.9710e-03   7.2789e+05   6.3729e+05   6.3756e+05   1.4650e+04
  6.5206e-01   6.5750e-01  -4.2085e-01   1.3994e-01   9.4141e-03   1.0722e+06   9.4034e+05   9.4045e+05   2.1614e+04
  7.9433e-01   8.0115e-01  -2.2326e-01   1.0999e-01   7.2257e-03   1.5439e+06   1.3883e+06   1.3897e+06   3.1221e+04
  9.6764e-01   9.7526e-01  -2.6590e-02   9.3839e-02   8.1641e-03   2.2463e+06   2.0503e+06   2.0521e+06   4.5542e+04
  1.1788e+00   1.1885e+00   1.7114e-01   7.9916e-02   7.7166e-03   3.2675e+06   3.0264e+06   3.0260e+06   6.6372e+04
  1.4360e+00   1.4475e+00   3.6833e-01   6.5296e-02   5.8016e-03   4.7566e+06   4.4607e+06   4.4630e+06   9.6481e+04
  1.7493e+00   1.7635e+00   5.6581e-01   6.2050e-02   6.2260e-03   6.9868e+06   6.5796e+06   6.5791e+06   1.4189e+05
  2.1309e+00   2.1488e+00   7.6342e-01   5.0728e-02   5.3810e-03   1.0161e+07   9.7061e+06   9.6874e+06   2.0698e+05
  2.5959e+00   2.6177e+00   9.6081e-01   3.4594e-02   4.1674e-03   1.4796e+07   1.4266e+07   1.4284e+07   3.0117e+05
  3.1623e+00   3.1890e+00   1.1582e+00   4.1569e-02   4.9669e-03   2.1779e+07   2.1027e+07   2.0966e+07   4.4431e+05
  3.8522e+00   3.8856e+00   1.3558e+00   2.6532e-02   4.4218e-03   3.1727e+07   3.0938e+07   3.0922e+07   6.4722e+05
  4.6928e+00   4.7352e+00   1.5535e+00   2.7306e-02   4.1838e-03   4.6579e+07   4.5536e+07   4.5436e+07   9.5021e+05
  5.7167e+00   5.7669e+00   1.7507e+00   2.0595e-02   4.2262e-03   6.8161e+07   6.6924e+07   6.6853e+07   1.3913e+06
  6.9640e+00   7.0260e+00   1.9482e+00   2.0427e-02   3.9270e-03   9.9740e+07   9.8107e+07   9.7922e+07   2.0369e+06
  8.4834e+00   8.5601e+00   2.1456e+00   1.6487e-02   3.6746e-03   1.4629e+08   1.4450e+08   1.4421e+08   2.9870e+06
  1.0334e+01   1.0430e+01   2.3432e+00   1.5932e-02   3.5281e-03   2.1437e+08   2.1197e+08   2.1148e+08   4.3781e+06
  1.2589e+01   1.2706e+01   2.5406e+00   1.3211e-02   3.3569e-03   3.1498e+08   3.1135e+08   3.1111e+08   6.4348e+06
  1.5336e+01   1.5479e+01   2.7380e+00   1.2482e-02   3.2666e-03   4.6093e+08   4.5582e+08   4.5553e+08   9.4189e+06
  1.8682e+01   1.8856e+01   2.9354e+00   1.0526e-02   3.2254e-03   6.7125e+08   6.6606e+08   6.6515e+08   1.3715e+07
  2.2758e+01   2.2972e+01   3.1328e+00   1.3234e-02   3.4767e-03   9.7470e+08   9.6975e+08   9.6581e+08   1.9917e+07
  2.7724e+01   2.7985e+01   3.3302e+00   8.4188e-03   3.1367e-03   1.4115e+09   1.4050e+09   1.4023e+09   2.8852e+07
  3.3773e+01   3.4091e+01   3.5276e+00   9.5508e-03   3.0351e-03   2.0308e+09   2.0348e+09   2.0231e+09   4.1528e+07
  4.1142e+01   4.1525e+01   3.7248e+00   2.7131e-03   2.7293e-03   2.8913e+09   2.9098e+09   2.8966e+09   5.9150e+07
  5.0119e+01   5.0569e+01   3.9219e+00   7.5576e-03   3.3477e-03   4.0722e+09   4.1326e+09   4.0868e+09   8.3333e+07
  6.1054e+01   6.1602e+01   4.1193e+00   6.7990e-04   2.4514e-03   5.6863e+09   5.7691e+09   5.7257e+09   1.1642e+08
  7.4375e+01   7.5025e+01   4.3164e+00   2.4547e-03   2.0751e-03   7.8295e+09   8.0299e+09   7.9198e+09   1.6030e+08
  9.0603e+01   9.1382e+01   4.5136e+00  -1.6128e-03   2.4200e-03   1.0617e+10   1.0856e+10   1.0745e+10   2.1741e+08
