## {'tot': 32877905473.436916, 'coords': 'spherical', 'metric': 'Euclidean', 'sep_units': 'arcmin', 'bin_type': 'Log'}
#   r_nom       meanr       meanlogr        xi        sigma_xi        DD           RR           DR         npairs   
  1.1037e-01   1.1124e-01  -2.1976e+00   6.4354e-01   1.3301e-01   7.6223e+03   4.6639e+03   4.6424e+03   1.6200e+02
  1.3445e-01   1.3490e-01  -2.0048e+00   9.0335e-01   1.1854e-01   1.2909e+04   6.8187e+03   6.7842e+03   2.6700e+02
  1.6379e-01   1.6488e-01  -1.8042e+00   7.4289e-01   7.3812e-02   1.7557e+04   1.0076e+04   1.0074e+04   3.7500e+02
  1.9953e-01   2.0000e-01  -1.6110e+00   6.5188e-01   9.2092e-02   2.4457e+04   1.4888e+04   1.4820e+04   5.2000e+02
  2.4306e-01   2.4482e-01  -1.4088e+00   5.3966e-01   6.6803e-02   3.3637e+04   2.1976e+04   2.1877e+04   7.3000e+02
  2.9609e-01   2.9920e-01  -1.2083e+00   3.7477e-01   4.9438e-02   4.4403e+04   3.2413e+04   3.2334e+04   9.6200e+02
  3.6070e-01   3.6252e-01  -1.0164e+00   3.3014e-01   4.4215e-02   6.3275e+04   4.7755e+04   4.7632e+04   1.3690e+03
  4.3940e-01   4.4351e-01  -8.1462e-01   3.2605e-01   3.3004e-02   9.3446e+04   7.0422e+04   7.0454e+04   2.0050e+03
  5.3527e-01   5.3860e-01  -6.2036e-01   2.3818e-01   2.9280e-02   1.2836e+05   1.0389e+05   1.0375e+05   2.7880e+03
  6.5206e-01   6.5736e-01  -4.2114e-01   2.2863e-01   1.8619e-02   1.8815e+05   1.5330e+05   1.5320e+05   4.1170e+03
  7.9433e-01   8.0035e-01  -2.2429e-01   2.3120e-01   1.6539e-02   2.7939e+05   2.2633e+05   2.2670e+05   6.1170e+03
  9.6764e-01   9.7477e-01  -2.7133e-02   1.7510e-01   1.6039e-02   3.9481e+05   3.3425e+05   3.3526e+05   8.7070e+03
  1.1788e+00   1.1870e+00   1.6988e-01   1.5886e-01   1.3976e-02   5.7259e+05   4.9338e+05   4.9380e+05   1.2610e+04
  1.4360e+00   1.4469e+00   3.6790e-01   1.4027e-01   1.0549e-02   8.3017e+05   7.2721e+05   7.2769e+05   1.8370e+04
  1.7493e+00   1.7634e+00   5.6570e-01   1.1280e-01   1.1567e-02   1.1943e+06   1.0726e+06   1.0730e+06   2.6465e+04
  2.1309e+00   2.1479e+00   7.6297e-01   9.1138e-02   1.0110e-02   1.7282e+06   1.5823e+06   1.5832e+06   3.8486e+04
  2.5959e+00   2.6183e+00   9.6103e-01   7.6482e-02   8.4482e-03   2.5157e+06   2.3256e+06   2.3317e+06   5.6072e+04
  3.1623e+00   3.1879e+00   1.1579e+00   6.1567e-02   7.5538e-03   3.6211e+06   3.4279e+06   3.4190e+06   8.0960e+04
  3.8522e+00   3.8843e+00   1.3555e+00   5.5897e-02   7.2485e-03   5.3360e+06   5.0436e+06   5.0488e+06   1.1935e+05
  4.6928e+00   4.7317e+00   1.5528e+00   4.5335e-02   5.7402e-03   7.7395e+06   7.4235e+06   7.4132e+06   1.7351e+05
  5.7167e+00   5.7638e+00   1.7501e+00   3.6856e-02   5.2797e-03   1.1289e+07   1.0910e+07   1.0899e+07   2.5315e+05
  6.9640e+00   7.0241e+00   1.9479e+00   2.8891e-02   5.0236e-03   1.6369e+07   1.5994e+07   1.5950e+07   3.6735e+05
  8.4834e+00   8.5583e+00   2.1454e+00   2.1640e-02   4.8724e-03   2.3984e+07   2.3557e+07   2.3516e+07   5.3828e+05
  1.0334e+01   1.0426e+01   2.3428e+00   1.9775e-02   4.0625e-03   3.5026e+07   3.4557e+07   3.4450e+07   7.8657e+05
  1.2589e+01   1.2703e+01   2.5404e+00   1.3495e-02   4.5638e-03   5.1260e+07   5.0759e+07   5.0667e+07   1.1507e+06
  1.5336e+01   1.5473e+01   2.7376e+00   1.3296e-02   3.7740e-03   7.4828e+07   7.4311e+07   7.4075e+07   1.6806e+06
  1.8682e+01   1.8848e+01   2.9349e+00   1.1764e-02   3.7789e-03   1.0899e+08   1.0859e+08   1.0815e+08   2.4503e+06
  2.2758e+01   2.2966e+01   3.1326e+00   1.2223e-02   3.0163e-03   1.5786e+08   1.5809e+08   1.5701e+08   3.5480e+06
  2.7724e+01   2.7980e+01   3.3300e+00   7.6637e-03   3.1082e-03   2.2837e+08   2.2906e+08   2.2784e+08   5.1324e+06
  3.3773e+01   3.4084e+01   3.5274e+00   1.0569e-02   2.7780e-03   3.2992e+08   3.3172e+08   3.2906e+08   7.4185e+06
  4.1142e+01   4.1517e+01   3.7247e+00   6.8946e-04   2.2743e-03   4.6785e+08   4.7438e+08   4.7095e+08   1.0521e+07
  5.0119e+01   5.0562e+01   3.9218e+00   6.4242e-03   2.7979e-03   6.6023e+08   6.7372e+08   6.6481e+08   1.4853e+07
  6.1054e+01   6.1601e+01   4.1192e+00  -1.3821e-03   2.2241e-03   9.1894e+08   9.4051e+08   9.3038e+08   2.0674e+07
  7.4375e+01   7.5016e+01   4.3163e+00   4.7191e-03   2.2101e-03   1.2673e+09   1.3091e+09   1.2851e+09   2.8503e+07
  9.0603e+01   9.1372e+01   4.5135e+00  -3.3195e-03   2.3822e-03   1.7192e+09   1.7697e+09   1.7474e+09   3.8664e+07
