## {'tot': 3825584841.7195563, 'coords': 'spherical', 'metric': 'Euclidean', 'sep_units': 'arcmin', 'bin_type': 'Log'}
#   r_nom       meanr       meanlogr        xi        sigma_xi        DD           RR           DR         npairs   
  1.1037e-01   1.1253e-01  -2.1863e+00   1.3332e+00   4.6062e-01   1.2545e+03   5.4268e+02   5.3687e+02   2.7000e+01
  1.3445e-01   1.3679e-01  -1.9910e+00   1.4474e+00   3.5571e-01   1.9364e+03   7.9340e+02   7.9069e+02   4.6000e+01
  1.6379e-01   1.6500e-01  -1.8035e+00   1.1132e+00   3.4186e-01   2.4708e+03   1.1725e+03   1.1690e+03   6.1000e+01
  1.9953e-01   2.0087e-01  -1.6068e+00   7.5234e-01   2.1670e-01   3.0271e+03   1.7323e+03   1.7281e+03   7.7000e+01
  2.4306e-01   2.4744e-01  -1.3981e+00   1.0131e+00   1.9620e-01   5.1154e+03   2.5570e+03   2.5409e+03   1.2200e+02
  2.9609e-01   2.9718e-01  -1.2150e+00   6.0113e-01   1.4417e-01   6.0089e+03   3.7715e+03   3.7566e+03   1.4800e+02
  3.6070e-01   3.6365e-01  -1.0130e+00   6.7969e-01   1.3402e-01   9.2939e+03   5.5567e+03   5.5369e+03   2.2100e+02
  4.3940e-01   4.4070e-01  -8.2112e-01   5.2738e-01   8.3282e-02   1.2459e+04   8.1942e+03   8.1656e+03   3.0300e+02
  5.3527e-01   5.3794e-01  -6.2154e-01   4.0367e-01   8.1580e-02   1.6879e+04   1.2089e+04   1.2044e+04   4.0600e+02
  6.5206e-01   6.5328e-01  -4.2736e-01   3.9282e-01   6.4898e-02   2.4733e+04   1.7837e+04   1.7782e+04   6.1000e+02
  7.9433e-01   8.0217e-01  -2.2201e-01   3.4900e-01   4.7554e-02   3.5335e+04   2.6335e+04   2.6240e+04   8.8900e+02
  9.6764e-01   9.7530e-01  -2.6606e-02   3.0549e-01   4.3789e-02   5.0484e+04   3.8892e+04   3.8748e+04   1.2460e+03
  1.1788e+00   1.1927e+00   1.7456e-01   2.2714e-01   2.7888e-02   7.0014e+04   5.7409e+04   5.7191e+04   1.7410e+03
  1.4360e+00   1.4486e+00   3.6905e-01   2.2104e-01   3.1650e-02   1.0308e+05   8.4616e+04   8.4496e+04   2.5600e+03
  1.7493e+00   1.7637e+00   5.6586e-01   1.5853e-01   2.7490e-02   1.4400e+05   1.2481e+05   1.2451e+05   3.5770e+03
  2.1309e+00   2.1479e+00   7.6295e-01   1.5514e-01   2.3338e-02   2.1139e+05   1.8412e+05   1.8347e+05   5.2430e+03
  2.5959e+00   2.6154e+00   9.5987e-01   1.0713e-01   1.8118e-02   2.9879e+05   2.7061e+05   2.7020e+05   7.4340e+03
  3.1623e+00   3.1900e+00   1.1585e+00   9.7922e-02   1.5695e-02   4.3342e+05   3.9886e+05   3.9661e+05   1.0932e+04
  3.8522e+00   3.8844e+00   1.3554e+00   8.9480e-02   1.6282e-02   6.3578e+05   5.8686e+05   5.8507e+05   1.6000e+04
  4.6928e+00   4.7320e+00   1.5529e+00   7.6502e-02   1.4895e-02   9.1993e+05   8.6378e+05   8.5881e+05   2.3097e+04
  5.7167e+00   5.7654e+00   1.7504e+00   6.6131e-02   1.2611e-02   1.3430e+06   1.2695e+06   1.2643e+06   3.3814e+04
  6.9640e+00   7.0280e+00   1.9484e+00   5.5041e-02   1.1220e-02   1.9370e+06   1.8610e+06   1.8478e+06   4.8895e+04
  8.4834e+00   8.5578e+00   2.1454e+00   3.4966e-02   9.5722e-03   2.8074e+06   2.7411e+06   2.7263e+06   7.0877e+04
  1.0334e+01   1.0420e+01   2.3423e+00   2.8183e-02   1.0558e-02   4.0833e+06   4.0210e+06   3.9955e+06   1.0329e+05
  1.2589e+01   1.2697e+01   2.5399e+00   2.4357e-02   7.4638e-03   5.9875e+06   5.9061e+06   5.8749e+06   1.5160e+05
  1.5336e+01   1.5472e+01   2.7375e+00   2.5421e-02   6.8091e-03   8.7190e+06   8.6466e+06   8.5729e+06   2.2027e+05
  1.8682e+01   1.8845e+01   2.9348e+00   2.0226e-02   6.3389e-03   1.2672e+07   1.2635e+07   1.2526e+07   3.2015e+05
  2.2758e+01   2.2967e+01   3.1326e+00   1.5478e-02   5.6624e-03   1.8264e+07   1.8395e+07   1.8187e+07   4.6209e+05
  2.7724e+01   2.7969e+01   3.3296e+00   1.2619e-02   4.8111e-03   2.6402e+07   2.6652e+07   2.6359e+07   6.6778e+05
  3.3773e+01   3.4078e+01   3.5272e+00   1.1834e-02   5.1016e-03   3.8022e+07   3.8598e+07   3.8082e+07   9.6142e+05
  4.1142e+01   4.1506e+01   3.7244e+00   3.6588e-03   5.5384e-03   5.4102e+07   5.5197e+07   5.4548e+07   1.3692e+06
  5.0119e+01   5.0554e+01   3.9216e+00   6.4561e-03   5.2716e-03   7.6127e+07   7.8392e+07   7.7006e+07   1.9281e+06
  6.1054e+01   6.1581e+01   4.1189e+00   2.3448e-03   4.2333e-03   1.0616e+08   1.0944e+08   1.0767e+08   2.6890e+06
  7.4375e+01   7.5007e+01   4.3161e+00   3.1680e-03   4.1992e-03   1.4615e+08   1.5232e+08   1.4900e+08   3.7023e+06
  9.0603e+01   9.1364e+01   4.5134e+00   4.3374e-03   4.1288e-03   1.9984e+08   2.0592e+08   2.0243e+08   5.0595e+06
