## {'tot': 3687221998959.504, 'coords': 'spherical', 'metric': 'Euclidean', 'sep_units': 'arcmin', 'bin_type': 'Log'}
#   r_nom       meanr       meanlogr        xi        sigma_xi        DD           RR           DR         npairs   
  1.1037e-01   1.1120e-01  -2.1980e+00   1.8445e-01   8.7680e-03   6.1624e+05   5.2305e+05   5.2141e+05   1.4792e+04
  1.3445e-01   1.3555e-01  -2.0000e+00   1.7698e-01   8.4459e-03   8.9991e+05   7.6471e+05   7.6464e+05   2.1504e+04
  1.6379e-01   1.6501e-01  -1.8033e+00   1.2906e-01   6.0379e-03   1.2747e+06   1.1301e+06   1.1295e+06   3.0548e+04
  1.9953e-01   2.0101e-01  -1.6060e+00   1.2519e-01   6.2880e-03   1.8749e+06   1.6696e+06   1.6678e+06   4.4840e+04
  2.4306e-01   2.4492e-01  -1.4084e+00   1.0105e-01   4.2517e-03   2.7069e+06   2.4645e+06   2.4612e+06   6.4883e+04
  2.9609e-01   2.9837e-01  -1.2110e+00   8.3028e-02   4.4568e-03   3.9309e+06   3.6351e+06   3.6321e+06   9.4355e+04
  3.6070e-01   3.6337e-01  -1.0139e+00   7.7194e-02   3.4740e-03   5.7809e+06   5.3557e+06   5.3616e+06   1.3850e+05
  4.3940e-01   4.4291e-01  -8.1592e-01   6.6433e-02   2.7184e-03   8.4324e+06   7.8978e+06   7.9027e+06   2.0220e+05
  5.3527e-01   5.3968e-01  -6.1830e-01   5.6022e-02   3.6343e-03   1.2325e+07   1.1652e+07   1.1662e+07   2.9574e+05
  6.5206e-01   6.5740e-01  -4.2096e-01   4.9325e-02   2.0040e-03   1.8085e+07   1.7192e+07   1.7215e+07   4.3398e+05
  7.9433e-01   8.0107e-01  -2.2331e-01   3.8402e-02   2.4230e-03   2.6470e+07   2.5383e+07   2.5439e+07   6.3528e+05
  9.6764e-01   9.7579e-01  -2.6000e-02   3.2521e-02   1.8474e-03   3.8945e+07   3.7485e+07   3.7606e+07   9.3462e+05
  1.1788e+00   1.1888e+00   1.7150e-01   3.1935e-02   1.8896e-03   5.7277e+07   5.5332e+07   5.5421e+07   1.3748e+06
  1.4360e+00   1.4484e+00   3.6898e-01   2.5083e-02   1.6360e-03   8.4013e+07   8.1556e+07   8.1762e+07   2.0163e+06
  1.7493e+00   1.7644e+00   5.6632e-01   2.1770e-02   1.6672e-03   1.2351e+08   1.2030e+08   1.2059e+08   2.9637e+06
  2.1309e+00   2.1496e+00   7.6382e-01   2.0849e-02   1.5943e-03   1.8149e+08   1.7746e+08   1.7763e+08   4.3537e+06
  2.5959e+00   2.6190e+00   9.6132e-01   1.4589e-02   1.5933e-03   2.6656e+08   2.6082e+08   2.6179e+08   6.3929e+06
  3.1623e+00   3.1905e+00   1.1587e+00   1.6827e-02   1.4885e-03   3.9179e+08   3.8443e+08   3.8488e+08   9.3919e+06
  3.8522e+00   3.8872e+00   1.3562e+00   1.3317e-02   1.4490e-03   5.7596e+08   5.6564e+08   5.6703e+08   1.3803e+07
  4.6928e+00   4.7358e+00   1.5537e+00   1.3698e-02   1.4845e-03   8.4633e+08   8.3254e+08   8.3373e+08   2.0276e+07
  5.7167e+00   5.7693e+00   1.7511e+00   1.1243e-02   1.2198e-03   1.2436e+09   1.2236e+09   1.2267e+09   2.9774e+07
  6.9640e+00   7.0294e+00   1.9487e+00   1.1031e-02   1.3545e-03   1.8272e+09   1.7937e+09   1.8006e+09   4.3725e+07
  8.4834e+00   8.5639e+00   2.1461e+00   8.5420e-03   1.3721e-03   2.6805e+09   2.6419e+09   2.6499e+09   6.4120e+07
  1.0334e+01   1.0432e+01   2.3435e+00   8.5501e-03   1.5565e-03   3.9344e+09   3.8755e+09   3.8884e+09   9.4086e+07
  1.2589e+01   1.2711e+01   2.5410e+00   8.2424e-03   1.2991e-03   5.7866e+09   5.6925e+09   5.7161e+09   1.3833e+08
  1.5336e+01   1.5485e+01   2.7384e+00   5.1883e-03   1.3459e-03   8.4659e+09   8.3339e+09   8.3782e+09   2.0230e+08
  1.8682e+01   1.8865e+01   2.9359e+00   6.0665e-03   1.1371e-03   1.2374e+10   1.2178e+10   1.2239e+10   2.9550e+08
  2.2758e+01   2.2982e+01   3.1333e+00   4.5687e-03   1.1207e-03   1.7986e+10   1.7730e+10   1.7817e+10   4.2916e+08
  2.7724e+01   2.7991e+01   3.3305e+00   4.9926e-03   1.2394e-03   2.6108e+10   2.5688e+10   2.5834e+10   6.2245e+08
  3.3773e+01   3.4100e+01   3.5278e+00   2.5555e-03   1.1615e-03   3.7747e+10   3.7202e+10   3.7427e+10   8.9919e+08
  4.1142e+01   4.1538e+01   3.7252e+00   2.4269e-03   1.1222e-03   5.4030e+10   5.3201e+10   5.3551e+10   1.2858e+09
  5.0119e+01   5.0593e+01   3.9224e+00   2.2999e-03   1.6466e-03   7.6607e+10   7.5557e+10   7.5995e+10   1.8216e+09
  6.1054e+01   6.1611e+01   4.1194e+00   1.1733e-03   1.3080e-03   1.0718e+11   1.0548e+11   1.0627e+11   2.5464e+09
  7.4375e+01   7.5032e+01   4.3165e+00   3.7439e-04   9.8874e-04   1.4842e+11   1.4681e+11   1.4759e+11   3.5240e+09
  9.0603e+01   9.1392e+01   4.5137e+00   6.2386e-04   1.1378e-03   2.0161e+11   1.9847e+11   1.9998e+11   4.7881e+09
