## {'tot': 1069519872541.1782, 'coords': 'spherical', 'metric': 'Euclidean', 'sep_units': 'arcmin', 'bin_type': 'Log'}
#   r_nom       meanr       meanlogr        xi        sigma_xi        DD           RR           DR         npairs   
  1.1037e-01   1.1119e-01  -2.1981e+00   2.9316e-01   2.5312e-02   1.9536e+05   1.5172e+05   1.5130e+05   3.7600e+03
  1.3445e-01   1.3540e-01  -2.0011e+00   2.8573e-01   1.7980e-02   2.8480e+05   2.2181e+05   2.2161e+05   5.5170e+03
  1.6379e-01   1.6493e-01  -1.8039e+00   2.4900e-01   1.3637e-02   4.0696e+05   3.2779e+05   3.2656e+05   7.8310e+03
  1.9953e-01   2.0109e-01  -1.6056e+00   1.8530e-01   9.2459e-03   5.7391e+05   4.8430e+05   4.8423e+05   1.1141e+04
  2.4306e-01   2.4481e-01  -1.4089e+00   1.5915e-01   1.0493e-02   8.2923e+05   7.1487e+05   7.1516e+05   1.6046e+04
  2.9609e-01   2.9838e-01  -1.2109e+00   1.4455e-01   8.8198e-03   1.2054e+06   1.0544e+06   1.0537e+06   2.3389e+04
  3.6070e-01   3.6343e-01  -1.0137e+00   1.1316e-01   7.0450e-03   1.7257e+06   1.5535e+06   1.5517e+06   3.3556e+04
  4.3940e-01   4.4286e-01  -8.1606e-01   1.0249e-01   6.0105e-03   2.5201e+06   2.2908e+06   2.2881e+06   4.8992e+04
  5.3527e-01   5.3944e-01  -6.1876e-01   9.7744e-02   5.6127e-03   3.7059e+06   3.3797e+06   3.3776e+06   7.2054e+04
  6.5206e-01   6.5717e-01  -4.2134e-01   8.1140e-02   4.8554e-03   5.3973e+06   4.9868e+06   4.9897e+06   1.0513e+05
  7.9433e-01   8.0078e-01  -2.2368e-01   6.6546e-02   4.0457e-03   7.8575e+06   7.3625e+06   7.3650e+06   1.5324e+05
  9.6764e-01   9.7564e-01  -2.6174e-02   5.8800e-02   4.2482e-03   1.1525e+07   1.0873e+07   1.0879e+07   2.2478e+05
  1.1788e+00   1.1884e+00   1.7109e-01   4.8975e-02   4.4811e-03   1.6847e+07   1.6050e+07   1.6055e+07   3.2882e+05
  1.4360e+00   1.4480e+00   3.6872e-01   3.9957e-02   3.2805e-03   2.4631e+07   2.3656e+07   2.3671e+07   4.8127e+05
  1.7493e+00   1.7641e+00   5.6614e-01   3.3105e-02   3.9295e-03   3.6134e+07   3.4893e+07   3.4936e+07   7.0606e+05
  2.1309e+00   2.1495e+00   7.6375e-01   3.2241e-02   3.4669e-03   5.3041e+07   5.1474e+07   5.1427e+07   1.0367e+06
  2.5959e+00   2.6186e+00   9.6115e-01   2.1691e-02   3.0277e-03   7.7708e+07   7.5653e+07   7.5860e+07   1.5204e+06
  3.1623e+00   3.1901e+00   1.1586e+00   2.4964e-02   2.5015e-03   1.1417e+08   1.1151e+08   1.1145e+08   2.2336e+06
  3.8522e+00   3.8865e+00   1.3560e+00   1.7912e-02   3.0525e-03   1.6750e+08   1.6407e+08   1.6431e+08   3.2753e+06
  4.6928e+00   4.7349e+00   1.5535e+00   1.9546e-02   2.7767e-03   2.4595e+08   2.4149e+08   2.4136e+08   4.8112e+06
  5.7167e+00   5.7686e+00   1.7510e+00   1.5310e-02   2.7891e-03   3.6065e+08   3.5492e+08   3.5507e+08   7.0537e+06
  6.9640e+00   7.0275e+00   1.9484e+00   1.3301e-02   2.4636e-03   5.2806e+08   5.2028e+08   5.2071e+08   1.0329e+07
  8.4834e+00   8.5617e+00   2.1458e+00   1.1993e-02   2.4698e-03   7.7482e+08   7.6632e+08   7.6598e+08   1.5156e+07
  1.0334e+01   1.0432e+01   2.3434e+00   1.2093e-02   2.7299e-03   1.1382e+09   1.1241e+09   1.1244e+09   2.2257e+07
  1.2589e+01   1.2709e+01   2.5409e+00   8.3233e-03   2.3759e-03   1.6698e+09   1.6512e+09   1.6536e+09   3.2656e+07
  1.5336e+01   1.5482e+01   2.7382e+00   8.9429e-03   2.5315e-03   2.4460e+09   2.4173e+09   2.4209e+09   4.7828e+07
  1.8682e+01   1.8862e+01   2.9357e+00   6.3014e-03   2.6463e-03   3.5625e+09   3.5323e+09   3.5363e+09   6.9665e+07
  2.2758e+01   2.2976e+01   3.1330e+00   7.3195e-03   2.3057e-03   5.1693e+09   5.1428e+09   5.1372e+09   1.0109e+08
  2.7724e+01   2.7989e+01   3.3304e+00   5.4798e-03   2.5713e-03   7.5062e+09   7.4512e+09   7.4583e+09   1.4674e+08
  3.3773e+01   3.4095e+01   3.5277e+00   4.0968e-03   2.2669e-03   1.0810e+10   1.0791e+10   1.0778e+10   2.1132e+08
  4.1142e+01   4.1533e+01   3.7251e+00   2.6640e-03   2.4115e-03   1.5460e+10   1.5431e+10   1.5425e+10   3.0218e+08
  5.0119e+01   5.0586e+01   3.9222e+00   3.7166e-03   2.6683e-03   2.1841e+10   2.1916e+10   2.1838e+10   4.2689e+08
  6.1054e+01   6.1609e+01   4.1194e+00   1.8280e-03   1.9328e-03   3.0526e+10   3.0595e+10   3.0532e+10   5.9659e+08
  7.4375e+01   7.5032e+01   4.3165e+00   1.6571e-03   1.6622e-03   4.2158e+10   4.2584e+10   4.2336e+10   8.2376e+08
  9.0603e+01   9.1389e+01   4.5137e+00  -2.2807e-04   1.4113e-03   5.7292e+10   5.7570e+10   5.7437e+10   1.1194e+09
