## {'tot': 67361220576.84328, 'coords': 'spherical', 'metric': 'Euclidean', 'sep_units': 'arcmin', 'bin_type': 'Log'}
#   r_nom       meanr       meanlogr        xi        sigma_xi        DD           RR           DR         npairs   
  1.4125e-01   1.5415e-01  -1.8873e+00   4.4055e-01   2.6052e-02   1.2650e+05   8.8371e+04   8.7970e+04   2.7950e+03
  2.8184e-01   3.0674e-01  -1.1991e+00   2.4857e-01   1.2637e-02   4.2157e+05   3.3835e+05   3.3791e+05   9.4970e+03
  5.6234e-01   6.1311e-01  -5.0567e-01   1.4232e-01   8.6480e-03   1.4784e+06   1.2994e+06   1.2964e+06   3.3553e+04
  1.1220e+00   1.2286e+00   1.8986e-01   8.8013e-02   6.2406e-03   5.4748e+06   5.0358e+06   5.0337e+06   1.2502e+05
  2.2387e+00   2.4518e+00   8.8087e-01   5.6171e-02   4.0913e-03   2.0530e+07   1.9438e+07   1.9438e+07   4.7156e+05
  4.4668e+00   4.8959e+00   1.5725e+00   3.4124e-02   3.8488e-03   7.6943e+07   7.4490e+07   7.4446e+07   1.7710e+06
  8.9125e+00   9.7727e+00   2.2636e+00   1.7990e-02   3.1284e-03   2.8806e+08   2.8354e+08   2.8325e+08   6.6380e+06
  1.7783e+01   1.9485e+01   2.9535e+00   1.2264e-02   2.7748e-03   1.0797e+09   1.0650e+09   1.0658e+09   2.4886e+07
  3.5481e+01   3.8723e+01   3.6401e+00   7.0685e-03   3.1424e-03   3.8469e+09   3.7947e+09   3.8074e+09   8.8630e+07
  7.0795e+01   7.6259e+01   4.3170e+00   1.3437e-03   1.9403e-03   1.1520e+10   1.1345e+10   1.1425e+10   2.6497e+08
