## {'tot': 10416663040.258108, 'coords': 'spherical', 'metric': 'Euclidean', 'sep_units': 'arcmin', 'bin_type': 'Log'}
#   r_nom       meanr       meanlogr        xi        sigma_xi        DD           RR           DR         npairs   
  1.4125e-01   1.5298e-01  -1.8943e+00   7.8504e-01   8.2518e-02   2.4232e+04   1.3666e+04   1.3585e+04   5.7800e+02
  2.8184e-01   3.0626e-01  -1.2017e+00   5.4014e-01   3.0866e-02   8.0042e+04   5.2322e+04   5.2051e+04   1.9350e+03
  5.6234e-01   6.1245e-01  -5.0755e-01   2.2781e-01   2.7492e-02   2.4516e+05   2.0094e+05   2.0016e+05   6.0160e+03
  1.1220e+00   1.2271e+00   1.8859e-01   1.4195e-01   1.5543e-02   8.8710e+05   7.7873e+05   7.7764e+05   2.2079e+04
  2.2387e+00   2.4492e+00   8.7979e-01   8.7583e-02   1.3667e-02   3.2713e+06   3.0058e+06   3.0070e+06   8.1735e+04
  4.4668e+00   4.8910e+00   1.5715e+00   5.7274e-02   1.1165e-02   1.2188e+07   1.1519e+07   1.1524e+07   3.0555e+05
  8.9125e+00   9.7702e+00   2.2634e+00   2.9881e-02   8.9920e-03   4.5559e+07   4.3847e+07   4.4048e+07   1.1445e+06
  1.7783e+01   1.9483e+01   2.9535e+00   1.5976e-02   9.4016e-03   1.6981e+08   1.6469e+08   1.6593e+08   4.2636e+06
  3.5481e+01   3.8728e+01   3.6403e+00   1.3033e-02   9.0985e-03   6.0924e+08   5.8681e+08   5.9420e+08   1.5279e+07
  7.0795e+01   7.6219e+01   4.3164e+00   3.7447e-03   3.2919e-03   1.8192e+09   1.7544e+09   1.7835e+09   4.5635e+07
