## {'tot': 1089453414.8254187, 'coords': 'spherical', 'metric': 'Euclidean', 'sep_units': 'arcmin', 'bin_type': 'Log'}
#   r_nom       meanr       meanlogr        xi        sigma_xi        DD           RR           DR         npairs   
  1.4125e-01   1.5552e-01  -1.8795e+00   1.1770e+00   2.6389e-01   3.0929e+03   1.4293e+03   1.4199e+03   8.2000e+01
  2.8184e-01   3.0057e-01  -1.2215e+00   6.3201e-01   1.1418e-01   8.8785e+03   5.4722e+03   5.4461e+03   2.3800e+02
  5.6234e-01   6.1153e-01  -5.0950e-01   4.3489e-01   5.6173e-02   2.9987e+04   2.1016e+04   2.0931e+04   8.1500e+02
  1.1220e+00   1.2294e+00   1.9007e-01   2.6080e-01   3.9101e-02   1.0261e+05   8.1445e+04   8.1406e+04   2.8090e+03
  2.2387e+00   2.4482e+00   8.7915e-01   1.6029e-01   2.0535e-02   3.6709e+05   3.1437e+05   3.1554e+05   1.0262e+04
  4.4668e+00   4.8807e+00   1.5692e+00   8.9041e-02   1.6269e-02   1.3227e+06   1.2048e+06   1.2101e+06   3.7045e+04
  8.9125e+00   9.7604e+00   2.2624e+00   5.1726e-02   1.5508e-02   4.8989e+06   4.5859e+06   4.6238e+06   1.3755e+05
  1.7783e+01   1.9478e+01   2.9534e+00   2.9157e-02   1.4120e-02   1.8180e+07   1.7225e+07   1.7451e+07   5.0968e+05
  3.5481e+01   3.8678e+01   3.6390e+00   9.4026e-03   1.1891e-02   6.4380e+07   6.1373e+07   6.2588e+07   1.8042e+06
  7.0795e+01   7.6173e+01   4.3158e+00  -1.7141e-03   3.3738e-03   1.9075e+08   1.8349e+08   1.8728e+08   5.3457e+06
