## {'tot': 9851774.886806512, 'coords': 'spherical', 'metric': 'Euclidean', 'sep_units': 'arcmin', 'bin_type': 'Log'}
#   r_nom       meanr       meanlogr        xi        sigma_xi        DD           RR           DR         npairs   
  1.4125e-01   1.4125e-01  -1.9572e+00  -1.0357e+00   2.6558e-02   0.0000e+00   1.2925e+01   1.3155e+01   0.0000e+00
  2.8184e-01   3.5308e-01  -1.0411e+00  -1.3516e-01   8.7501e-01   4.2997e+01   4.9484e+01   4.9585e+01   1.0000e+00
  5.6234e-01   6.1350e-01  -5.1234e-01   1.5259e+00   5.4218e-01   4.7791e+02   1.9004e+02   1.8899e+02   1.7000e+01
  1.1220e+00   1.2270e+00   1.8528e-01   1.9670e-01   1.5471e-01   8.7626e+02   7.3650e+02   7.3395e+02   3.0000e+01
  2.2387e+00   2.4490e+00   8.8095e-01   1.8933e-01   1.0355e-01   3.3539e+03   2.8428e+03   2.8293e+03   1.1800e+02
  4.4668e+00   4.8158e+00   1.5543e+00   1.7359e-01   6.2095e-02   1.2787e+04   1.0894e+04   1.0895e+04   4.3300e+02
  8.9125e+00   9.7573e+00   2.2619e+00   7.7430e-02   3.5436e-02   4.5231e+04   4.1469e+04   4.1744e+04   1.5460e+03
  1.7783e+01   1.9498e+01   2.9549e+00   8.1584e-02   3.2709e-02   1.7042e+05   1.5576e+05   1.5674e+05   5.8360e+03
  3.5481e+01   3.8595e+01   3.6372e+00   6.4426e-02   2.1792e-02   5.9896e+05   5.5499e+05   5.5910e+05   2.0441e+04
  7.0795e+01   7.6131e+01   4.3152e+00   2.7323e-02   2.0685e-02   1.6673e+06   1.6593e+06   1.6406e+06   5.7073e+04
