## {'tot': 1571610326314.0564, 'coords': 'spherical', 'metric': 'Euclidean', 'sep_units': 'arcmin', 'bin_type': 'Log'}
#   r_nom       meanr       meanlogr        xi        sigma_xi        DD           RR           DR         npairs   
  1.4125e-01   1.5420e-01  -1.8866e+00   1.6600e-01   6.3384e-03   2.3823e+06   2.0618e+06   2.0509e+06   5.5812e+04
  2.8184e-01   3.0815e-01  -1.1935e+00   9.4715e-02   4.1578e-03   8.6229e+06   7.8940e+06   7.8846e+06   2.0307e+05
  5.6234e-01   6.1568e-01  -5.0090e-01   5.5117e-02   3.8536e-03   3.2022e+07   3.0316e+07   3.0334e+07   7.5575e+05
  1.1220e+00   1.2300e+00   1.9116e-01   3.3137e-02   3.2347e-03   1.2159e+08   1.1749e+08   1.1759e+08   2.8723e+06
  2.2387e+00   2.4551e+00   8.8226e-01   2.1449e-02   2.5136e-03   4.6310e+08   4.5350e+08   4.5344e+08   1.0938e+07
  4.4668e+00   4.9002e+00   1.5733e+00   1.4326e-02   1.9532e-03   1.7638e+09   1.7379e+09   1.7384e+09   4.1639e+07
  8.9125e+00   9.7784e+00   2.2641e+00   9.2493e-03   1.3997e-03   6.6912e+09   6.6154e+09   6.6227e+09   1.5786e+08
  1.7783e+01   1.9490e+01   2.9537e+00   4.5330e-03   1.4528e-03   2.5076e+10   2.4848e+10   2.4906e+10   5.9164e+08
  3.5481e+01   3.8722e+01   3.6400e+00   2.0513e-03   1.0897e-03   8.9407e+10   8.8535e+10   8.8880e+10   2.1085e+09
  7.0795e+01   7.6224e+01   4.3165e+00   1.8644e-04   7.1107e-04   2.6687e+11   2.6470e+11   2.6576e+11   6.2977e+09
