## {'tot': 360419713692.93976, 'coords': 'spherical', 'metric': 'Euclidean', 'sep_units': 'arcmin', 'bin_type': 'Log'}
#   r_nom       meanr       meanlogr        xi        sigma_xi        DD           RR           DR         npairs   
  1.4125e-01   1.5353e-01  -1.8914e+00   2.9504e-01   1.5415e-02   6.0728e+05   4.7284e+05   4.7031e+05   1.2942e+04
  2.8184e-01   3.0729e-01  -1.1968e+00   1.6314e-01   8.4195e-03   2.0998e+06   1.8103e+06   1.8074e+06   4.5176e+04
  5.6234e-01   6.1459e-01  -5.0302e-01   9.2907e-02   5.4512e-03   7.5904e+06   6.9525e+06   6.9485e+06   1.6433e+05
  1.1220e+00   1.2296e+00   1.9079e-01   5.6643e-02   3.3013e-03   2.8477e+07   2.6944e+07   2.6947e+07   6.1866e+05
  2.2387e+00   2.4534e+00   8.8159e-01   3.6618e-02   2.8539e-03   1.0777e+08   1.0400e+08   1.0398e+08   2.3458e+06
  4.4668e+00   4.8981e+00   1.5729e+00   2.4136e-02   2.5369e-03   4.0779e+08   3.9856e+08   3.9837e+08   8.8838e+06
  8.9125e+00   9.7752e+00   2.2638e+00   1.4778e-02   2.3990e-03   1.5390e+09   1.5171e+09   1.5168e+09   3.3543e+07
  1.7783e+01   1.9489e+01   2.9536e+00   8.5929e-03   2.2986e-03   5.7570e+09   5.6983e+09   5.7032e+09   1.2548e+08
  3.5481e+01   3.8721e+01   3.6400e+00   5.8354e-03   2.0712e-03   2.0531e+10   2.0304e+10   2.0358e+10   4.4721e+08
  7.0795e+01   7.6244e+01   4.3167e+00   2.0184e-03   1.5609e-03   6.1340e+10   6.0704e+10   6.0961e+10   1.3349e+09
