## {'tot': 4520357544768.82, 'coords': 'spherical', 'metric': 'Euclidean', 'sep_units': 'arcmin', 'bin_type': 'Log'}
#   r_nom       meanr       meanlogr        xi        sigma_xi        DD           RR           DR         npairs   
  1.4125e-01   1.5437e-01  -1.8854e+00   1.5309e-01   4.1306e-03   4.2691e+06   3.7230e+06   3.7111e+06   9.7799e+04
  2.8184e-01   3.0823e-01  -1.1932e+00   8.9391e-02   2.9136e-03   1.5675e+07   1.4369e+07   1.4380e+07   3.5988e+05
  5.6234e-01   6.1619e-01  -5.0002e-01   5.3412e-02   2.0492e-03   5.8876e+07   5.5701e+07   5.5801e+07   1.3546e+06
  1.1220e+00   1.2305e+00   1.9163e-01   3.4358e-02   2.1906e-03   2.2530e+08   2.1700e+08   2.1742e+08   5.1924e+06
  2.2387e+00   2.4559e+00   8.8260e-01   2.1297e-02   1.6832e-03   8.6118e+08   8.4046e+08   8.4187e+08   1.9849e+07
  4.4668e+00   4.9010e+00   1.5735e+00   1.4896e-02   1.4604e-03   3.2848e+09   3.2333e+09   3.2350e+09   7.5684e+07
  8.9125e+00   9.7773e+00   2.2640e+00   1.0255e-02   1.3712e-03   1.2470e+10   1.2331e+10   1.2337e+10   2.8729e+08
  1.7783e+01   1.9494e+01   2.9539e+00   5.9495e-03   1.4445e-03   4.6865e+10   4.6351e+10   4.6470e+10   1.0798e+09
  3.5481e+01   3.8760e+01   3.6410e+00   4.2957e-03   1.7461e-03   1.6852e+11   1.6622e+11   1.6701e+11   3.8809e+09
  7.0795e+01   7.6416e+01   4.3190e+00   1.6853e-03   1.3081e-03   5.1729e+11   5.0964e+11   5.1304e+11   1.1920e+10
