## {'tot': 3477463405.295589, 'coords': 'spherical', 'metric': 'Euclidean', 'sep_units': 'arcmin', 'bin_type': 'Log'}
#   r_nom       meanr       meanlogr        xi        sigma_xi        DD           RR           DR         npairs   
  1.4125e-01   1.5655e-01  -1.8720e+00   1.1147e+00   1.9903e-01   6.0471e+03   2.8641e+03   2.8593e+03   1.5400e+02
  2.8184e-01   3.0239e-01  -1.2154e+00   5.4963e-01   8.6373e-02   1.7047e+04   1.1054e+04   1.1013e+04   4.5000e+02
  5.6234e-01   6.1008e-01  -5.1216e-01   4.1781e-01   4.3619e-02   6.0590e+04   4.2850e+04   4.2769e+04   1.5950e+03
  1.1220e+00   1.2225e+00   1.8406e-01   3.0669e-01   3.4821e-02   2.1837e+05   1.6694e+05   1.6706e+05   5.7770e+03
  2.2387e+00   2.4455e+00   8.7816e-01   1.6937e-01   2.3148e-02   7.6293e+05   6.4656e+05   6.4999e+05   2.0538e+04
  4.4668e+00   4.8839e+00   1.5700e+00   1.0145e-01   2.3793e-02   2.7782e+06   2.4874e+06   2.5066e+06   7.5054e+04
  8.9125e+00   9.7528e+00   2.2616e+00   6.7085e-02   1.7467e-02   1.0280e+07   9.4857e+06   9.5648e+06   2.7874e+05
  1.7783e+01   1.9459e+01   2.9523e+00   3.2493e-02   1.1072e-02   3.7685e+07   3.5658e+07   3.6092e+07   1.0239e+06
  3.5481e+01   3.8716e+01   3.6399e+00   1.4433e-02   6.2869e-03   1.3324e+08   1.2787e+08   1.2964e+08   3.6211e+06
  7.0795e+01   7.6304e+01   4.3176e+00   1.6065e-03   4.7165e-03   4.0512e+08   3.9206e+08   3.9828e+08   1.1023e+07
