## {'tot': 31895974840.429455, 'coords': 'spherical', 'metric': 'Euclidean', 'sep_units': 'arcmin', 'bin_type': 'Log'}
#   r_nom       meanr       meanlogr        xi        sigma_xi        DD           RR           DR         npairs   
  1.4125e-01   1.5397e-01  -1.8885e+00   6.6355e-01   5.7934e-02   4.3374e+04   2.6270e+04   2.6106e+04   9.9100e+02
  2.8184e-01   3.0683e-01  -1.1990e+00   3.8989e-01   2.7759e-02   1.4057e+05   1.0139e+05   1.0122e+05   3.3210e+03
  5.6234e-01   6.1349e-01  -5.0523e-01   2.3218e-01   1.5223e-02   4.8450e+05   3.9303e+05   3.9314e+05   1.1514e+04
  1.1220e+00   1.2260e+00   1.8757e-01   1.5558e-01   1.0037e-02   1.7735e+06   1.5312e+06   1.5332e+06   4.2646e+04
  2.2387e+00   2.4476e+00   8.7908e-01   8.7340e-02   1.0475e-02   6.4824e+06   5.9303e+06   5.9474e+06   1.5695e+05
  4.4668e+00   4.8938e+00   1.5719e+00   4.8147e-02   6.9325e-03   2.4021e+07   2.2815e+07   2.2869e+07   5.8434e+05
  8.9125e+00   9.7701e+00   2.2634e+00   2.5272e-02   5.5143e-03   8.9489e+07   8.7005e+07   8.7148e+07   2.1806e+06
  1.7783e+01   1.9482e+01   2.9534e+00   1.3389e-02   4.8221e-03   3.3466e+08   3.2706e+08   3.2867e+08   8.1623e+06
  3.5481e+01   3.8746e+01   3.6408e+00   8.6098e-03   4.4345e-03   1.2022e+09   1.1729e+09   1.1825e+09   2.9314e+07
  7.0795e+01   7.6320e+01   4.3177e+00   2.4204e-03   2.2298e-03   3.6811e+09   3.5961e+09   3.6342e+09   8.9720e+07
