## {'tot': 218002842781.80432, 'coords': 'spherical', 'metric': 'Euclidean', 'sep_units': 'arcmin', 'bin_type': 'Log'}
#   r_nom       meanr       meanlogr        xi        sigma_xi        DD           RR           DR         npairs   
  1.4125e-01   1.5374e-01  -1.8898e+00   4.7506e-01   2.7624e-02   2.6322e+05   1.7955e+05   1.7874e+05   5.5500e+03
  2.8184e-01   3.0714e-01  -1.1979e+00   2.5858e-01   1.4099e-02   8.7050e+05   6.9299e+05   6.9215e+05   1.8720e+04
  5.6234e-01   6.1502e-01  -5.0253e-01   1.4927e-01   6.2261e-03   3.0840e+06   2.6863e+06   2.6846e+06   6.6959e+04
  1.1220e+00   1.2285e+00   1.8985e-01   8.6557e-02   5.9730e-03   1.1375e+07   1.0465e+07   1.0467e+07   2.4941e+05
  2.2387e+00   2.4525e+00   8.8122e-01   5.1304e-02   4.7883e-03   4.2711e+07   4.0533e+07   4.0582e+07   9.4020e+05
  4.4668e+00   4.8960e+00   1.5725e+00   2.7666e-02   3.6489e-03   1.6032e+08   1.5593e+08   1.5597e+08   3.5417e+06
  8.9125e+00   9.7730e+00   2.2636e+00   1.4554e-02   3.1494e-03   6.0376e+08   5.9466e+08   5.9488e+08   1.3363e+07
  1.7783e+01   1.9487e+01   2.9536e+00   7.9987e-03   3.0245e-03   2.2636e+09   2.2354e+09   2.2405e+09   5.0114e+07
  3.5481e+01   3.8752e+01   3.6409e+00   4.5600e-03   3.0624e-03   8.1372e+09   8.0164e+09   8.0585e+09   1.8015e+08
  7.0795e+01   7.6382e+01   4.3185e+00   1.6454e-03   1.6156e-03   2.4963e+10   2.4579e+10   2.4751e+10   5.5269e+08
