## {'tot': 73227903.29617198, 'coords': 'spherical', 'metric': 'Euclidean', 'sep_units': 'arcmin', 'bin_type': 'Log'}
#   r_nom       meanr       meanlogr        xi        sigma_xi        DD           RR           DR         npairs   
  1.4125e-01   1.7500e-01  -1.7496e+00   8.5397e-02   7.3082e-01   6.4940e+01   6.0312e+01   6.0051e+01   2.0000e+00
  2.8184e-01   2.9284e-01  -1.2461e+00   4.5240e-01   4.0110e-01   3.3698e+02   2.3278e+02   2.3222e+02   1.0000e+01
  5.6234e-01   5.9814e-01  -5.3105e-01   9.3957e-01   2.1009e-01   1.7447e+03   9.0232e+02   8.9963e+02   5.5000e+01
  1.1220e+00   1.2324e+00   1.9174e-01   5.8161e-01   1.4328e-01   5.5714e+03   3.5154e+03   3.5211e+03   1.7000e+02
  2.2387e+00   2.4495e+00   8.7880e-01   3.2974e-01   9.1841e-02   1.8270e+04   1.3615e+04   1.3698e+04   5.7100e+02
  4.4668e+00   4.8917e+00   1.5711e+00   2.0790e-01   6.3260e-02   6.3734e+04   5.2378e+04   5.2612e+04   1.9770e+03
  8.9125e+00   9.7619e+00   2.2628e+00   1.3241e-01   4.1345e-02   2.3004e+05   1.9975e+05   2.0167e+05   7.1890e+03
  1.7783e+01   1.9466e+01   2.9530e+00   7.9916e-02   3.1604e-02   8.3373e+05   7.5087e+05   7.6230e+05   2.6284e+04
  3.5481e+01   3.8614e+01   3.6375e+00   4.2885e-02   2.6168e-02   2.8968e+06   2.6927e+06   2.7370e+06   9.1086e+04
  7.0795e+01   7.6341e+01   4.3181e+00   1.3884e-02   1.3230e-02   8.6655e+06   8.2560e+06   8.4034e+06   2.7307e+05
