## {'tot': 1132342431297.3936, 'coords': 'spherical', 'metric': 'Euclidean', 'sep_units': 'arcmin', 'bin_type': 'Log'}
#   r_nom       meanr       meanlogr        xi        sigma_xi        DD           RR           DR         npairs   
  1.4125e-01   1.5415e-01  -1.8874e+00   2.6315e-01   1.0175e-02   1.1690e+06   9.3262e+05   9.2811e+05   2.3947e+04
  2.8184e-01   3.0772e-01  -1.1953e+00   1.4897e-01   5.1727e-03   4.1356e+06   3.5995e+06   3.5994e+06   8.5060e+04
  5.6234e-01   6.1531e-01  -5.0169e-01   8.5315e-02   4.4468e-03   1.5179e+07   1.3953e+07   1.3971e+07   3.1423e+05
  1.1220e+00   1.2295e+00   1.9069e-01   5.0046e-02   2.4803e-03   5.7190e+07   5.4359e+07   5.4415e+07   1.1876e+06
  2.2387e+00   2.4546e+00   8.8210e-01   2.9166e-02   2.0141e-03   2.1706e+08   2.1053e+08   2.1073e+08   4.5190e+06
  4.4668e+00   4.8985e+00   1.5730e+00   1.7153e-02   1.4922e-03   8.2288e+08   8.0994e+08   8.0946e+08   1.7159e+07
  8.9125e+00   9.7765e+00   2.2639e+00   9.9883e-03   1.3771e-03   3.1156e+09   3.0888e+09   3.0867e+09   6.5013e+07
  1.7783e+01   1.9489e+01   2.9537e+00   5.5076e-03   1.4497e-03   1.1691e+10   1.1611e+10   1.1619e+10   2.4408e+08
  3.5481e+01   3.8759e+01   3.6410e+00   2.9836e-03   1.5650e-03   4.2070e+10   4.1639e+10   4.1792e+10   8.7842e+08
  7.0795e+01   7.6418e+01   4.3190e+00   9.4620e-04   1.0703e-03   1.2921e+11   1.2766e+11   1.2838e+11   2.6981e+09
