## {'tot': 2143608.058355988, 'coords': 'spherical', 'metric': 'Euclidean', 'sep_units': 'arcmin', 'bin_type': 'Log'}
#   r_nom       meanr       meanlogr        xi        sigma_xi        DD           RR           DR         npairs   
  1.1037e-01   1.1037e-01  -2.2039e+00  -9.2206e-01   1.0665e-01   0.0000e+00   3.0408e-01   2.9223e-01   0.0000e+00
  1.3445e-01   1.3445e-01  -2.0065e+00  -9.4036e-01   7.0400e-02   0.0000e+00   4.4457e-01   4.3131e-01   0.0000e+00
  1.6379e-01   1.6379e-01  -1.8092e+00  -9.4884e-01   9.7055e-02   0.0000e+00   6.5697e-01   6.4017e-01   0.0000e+00
  1.9953e-01   1.9953e-01  -1.6118e+00  -1.0104e+00   5.8022e-02   0.0000e+00   9.7066e-01   9.7572e-01   0.0000e+00
  2.4306e-01   2.4306e-01  -1.4144e+00  -9.8840e-01   5.7965e-02   0.0000e+00   1.4328e+00   1.4245e+00   0.0000e+00
  2.9609e-01   2.9609e-01  -1.2171e+00  -9.7691e-01   4.7674e-02   0.0000e+00   2.1133e+00   2.0889e+00   0.0000e+00
  3.6070e-01   3.6070e-01  -1.0197e+00  -9.6440e-01   3.0758e-02   0.0000e+00   3.1136e+00   3.0582e+00   0.0000e+00
  4.3940e-01   4.3940e-01  -8.2235e-01  -9.4501e-01   3.3191e-02   0.0000e+00   4.5915e+00   4.4652e+00   0.0000e+00
  5.3527e-01   5.3527e-01  -6.2499e-01  -9.8688e-01   2.6316e-02   0.0000e+00   6.7738e+00   6.7294e+00   0.0000e+00
  6.5206e-01   6.5206e-01  -4.2762e-01  -9.7795e-01   3.2951e-02   0.0000e+00   9.9949e+00   9.8847e+00   0.0000e+00
  7.9433e-01   7.7185e-01  -2.6045e-01   7.5398e+00   6.1527e+00   1.2648e+02   1.4757e+01   1.4986e+01   2.0000e+00
  9.6764e-01   9.6764e-01  -3.2894e-02  -1.0083e+00   2.6934e-02   0.0000e+00   2.1792e+01   2.1883e+01   0.0000e+00
  1.1788e+00   1.0841e+00   8.0743e-02   9.4634e-01   1.9572e+00   6.2269e+01   3.2168e+01   3.1997e+01   1.0000e+00
  1.4360e+00   1.5603e+00   4.4488e-01   1.4328e-01   1.1757e+00   5.4918e+01   4.7413e+01   4.7769e+01   1.0000e+00
  1.7493e+00   1.7493e+00   5.5920e-01  -1.0194e+00   2.3782e-02   0.0000e+00   6.9935e+01   7.0615e+01   0.0000e+00
  2.1309e+00   2.1242e+00   7.5007e-01   3.8798e-01   1.0055e+00   1.4432e+02   1.0317e+02   1.0373e+02   2.0000e+00
  2.5959e+00   2.5152e+00   9.2110e-01   1.5867e+00   1.1329e+00   3.9468e+02   1.5163e+02   1.5286e+02   7.0000e+00
  3.1623e+00   3.1440e+00   1.1443e+00   2.0866e-01   6.2771e-01   2.7440e+02   2.2349e+02   2.2563e+02   5.0000e+00
  3.8522e+00   3.9002e+00   1.3596e+00   6.1366e-01   4.4944e-01   5.3749e+02   3.2884e+02   3.3227e+02   9.0000e+00
  4.6928e+00   4.6526e+00   1.5362e+00   1.5044e-01   3.4696e-01   5.7034e+02   4.8401e+02   4.9077e+02   1.0000e+01
  5.7167e+00   5.7356e+00   1.7450e+00  -1.4648e-01   2.8243e-01   6.2740e+02   7.1135e+02   7.2147e+02   1.1000e+01
  6.9640e+00   7.0458e+00   1.9506e+00  -2.5261e-02   2.8447e-01   1.0661e+03   1.0428e+03   1.0676e+03   2.1000e+01
  8.4834e+00   8.4939e+00   2.1381e+00   1.7117e-01   1.9570e-01   1.8623e+03   1.5359e+03   1.5677e+03   3.6000e+01
  1.0334e+01   1.0410e+01   2.3408e+00   1.1190e-01   2.4638e-01   2.6262e+03   2.2531e+03   2.3136e+03   4.8000e+01
  1.2589e+01   1.2716e+01   2.5411e+00  -1.9626e-01   1.5566e-01   2.8259e+03   3.3094e+03   3.3924e+03   5.5000e+01
  1.5336e+01   1.5395e+01   2.7326e+00   2.3028e-01   1.9690e-01   6.3072e+03   4.8450e+03   5.0183e+03   1.1800e+02
  1.8682e+01   1.8903e+01   2.9378e+00  -3.3393e-02   1.1755e-01   7.3298e+03   7.0796e+03   7.3229e+03   1.3800e+02
  2.2758e+01   2.2885e+01   3.1291e+00   5.4522e-02   1.2473e-01   1.1436e+04   1.0308e+04   1.0591e+04   2.1300e+02
  2.7724e+01   2.7920e+01   3.3275e+00   5.9927e-02   8.2612e-02   1.6605e+04   1.4934e+04   1.5322e+04   3.1100e+02
  3.3773e+01   3.3873e+01   3.5212e+00  -2.9734e-02   5.9442e-02   2.2251e+04   2.1628e+04   2.2261e+04   4.1100e+02
  4.1142e+01   4.1387e+01   3.7215e+00   1.5321e-02   5.3471e-02   3.3096e+04   3.0929e+04   3.1775e+04   6.2100e+02
  5.0119e+01   5.0659e+01   3.9236e+00  -7.6188e-02   5.9423e-02   4.3142e+04   4.3926e+04   4.5207e+04   8.2500e+02
  6.1054e+01   6.1262e+01   4.1137e+00   2.7701e-02   7.1821e-02   6.6122e+04   6.1321e+04   6.2872e+04   1.2280e+03
  7.4375e+01   7.5142e+01   4.3179e+00   1.4173e-02   4.0068e-02   9.0596e+04   8.5351e+04   8.7368e+04   1.6960e+03
  9.0603e+01   9.1265e+01   4.5122e+00  -7.1898e-03   5.1821e-02   1.1847e+05   1.1538e+05   1.1734e+05   2.2380e+03
