## {'tot': 36535989.20446812, 'coords': 'spherical', 'metric': 'Euclidean', 'sep_units': 'arcmin', 'bin_type': 'Log'}
#   r_nom       meanr       meanlogr        xi        sigma_xi        DD           RR           DR         npairs   
  1.1037e-01   1.1037e-01  -2.2039e+00  -9.3065e-01   6.1400e-02   0.0000e+00   5.1828e+00   5.0031e+00   0.0000e+00
  1.3445e-01   1.3510e-01  -2.0018e+00   5.5862e+00   6.5991e+00   4.9570e+01   7.5773e+00   7.4093e+00   1.0000e+00
  1.6379e-01   1.6379e-01  -1.8092e+00  -9.9616e-01   3.0630e-02   0.0000e+00   1.1198e+01   1.1176e+01   0.0000e+00
  1.9953e-01   1.8959e-01  -1.6631e+00   4.8148e+00   4.0569e+00   9.6294e+01   1.6544e+01   1.6591e+01   2.0000e+00
  2.4306e-01   2.4063e-01  -1.4255e+00   3.5043e+00   2.6056e+00   1.0913e+02   2.4421e+01   2.3985e+01   3.0000e+00
  2.9609e-01   3.0129e-01  -1.2011e+00   4.9945e+00   3.5881e+00   2.1669e+02   3.6019e+01   3.6408e+01   4.0000e+00
  3.6070e-01   3.7684e-01  -9.7679e-01   2.2444e+00   2.0208e+00   1.7262e+02   5.3069e+01   5.3288e+01   4.0000e+00
  4.3940e-01   4.2500e-01  -8.5607e-01   1.2366e+00   1.3556e+00   1.7536e+02   7.8258e+01   7.8422e+01   4.0000e+00
  5.3527e-01   5.2975e-01  -6.3598e-01   1.4608e+00   1.1369e+00   2.8516e+02   1.1545e+02   1.1598e+02   6.0000e+00
  6.5206e-01   6.5263e-01  -4.2908e-01   2.9688e-01   5.3752e-01   2.2292e+02   1.7036e+02   1.7135e+02   5.0000e+00
  7.9433e-01   7.8343e-01  -2.4645e-01   2.0075e-01   5.0662e-01   3.0364e+02   2.5151e+02   2.5233e+02   7.0000e+00
  9.6764e-01   9.8053e-01  -2.1041e-02   1.1752e+00   5.9538e-01   8.1998e+02   3.7143e+02   3.7745e+02   1.9000e+01
  1.1788e+00   1.1988e+00   1.7983e-01   6.2742e-01   3.7115e-01   9.0196e+02   5.4828e+02   5.5312e+02   2.1000e+01
  1.4360e+00   1.4384e+00   3.6139e-01   1.7599e-01   2.0043e-01   9.5577e+02   8.0812e+02   8.1083e+02   2.2000e+01
  1.7493e+00   1.7439e+00   5.5424e-01   4.0605e-01   2.7929e-01   1.6858e+03   1.1920e+03   1.1969e+03   3.9000e+01
  2.1309e+00   2.1518e+00   7.6444e-01  -1.3411e-01   1.6186e-01   1.5456e+03   1.7584e+03   1.7699e+03   3.7000e+01
  2.5959e+00   2.6124e+00   9.5844e-01   9.3850e-02   1.8020e-01   2.8541e+03   2.5844e+03   2.5980e+03   6.3000e+01
  3.1623e+00   3.2110e+00   1.1651e+00   8.5323e-02   1.5862e-01   4.1530e+03   3.8093e+03   3.8186e+03   9.4000e+01
  3.8522e+00   3.8897e+00   1.3569e+00   3.3358e-01   1.0400e-01   7.5104e+03   5.6048e+03   5.6228e+03   1.6300e+02
  4.6928e+00   4.7504e+00   1.5567e+00   2.3473e-01   8.8246e-02   1.0233e+04   8.2495e+03   8.2731e+03   2.2400e+02
  5.7167e+00   5.7237e+00   1.7429e+00   1.0139e-01   7.4693e-02   1.3494e+04   1.2124e+04   1.2194e+04   3.1500e+02
  6.9640e+00   7.0371e+00   1.9496e+00   2.1047e-01   6.7822e-02   2.1505e+04   1.7773e+04   1.7769e+04   4.7800e+02
  8.4834e+00   8.5665e+00   2.1463e+00   3.5077e-02   6.3105e-02   2.7159e+04   2.6178e+04   2.6210e+04   6.2600e+02
  1.0334e+01   1.0409e+01   2.3411e+00   1.0571e-01   4.7058e-02   4.2804e+04   3.8402e+04   3.8573e+04   9.6500e+02
  1.2589e+01   1.2711e+01   2.5409e+00   3.1681e-02   2.8961e-02   5.8920e+04   5.6406e+04   5.6769e+04   1.3490e+03
  1.5336e+01   1.5478e+01   2.7379e+00   5.4742e-02   3.8777e-02   8.7732e+04   8.2579e+04   8.2895e+04   2.0080e+03
  1.8682e+01   1.8825e+01   2.9337e+00   4.9953e-02   3.1741e-02   1.2798e+05   1.2067e+05   1.2131e+05   2.9090e+03
  2.2758e+01   2.2962e+01   3.1323e+00   7.8628e-02   2.4783e-02   1.9003e+05   1.7568e+05   1.7595e+05   4.3510e+03
  2.7724e+01   2.7965e+01   3.3295e+00   3.0744e-02   2.1632e-02   2.6340e+05   2.5454e+05   2.5506e+05   6.0240e+03
  3.3773e+01   3.4087e+01   3.5274e+00   1.5401e-02   2.6023e-02   3.7992e+05   3.6863e+05   3.7144e+05   8.6570e+03
  4.1142e+01   4.1490e+01   3.7240e+00   5.2696e-02   2.2463e-02   5.6432e+05   5.2716e+05   5.3185e+05   1.2758e+04
  5.0119e+01   5.0516e+01   3.9208e+00   3.1708e-02   1.5854e-02   7.9360e+05   7.4868e+05   7.5927e+05   1.8030e+04
  6.1054e+01   6.1515e+01   4.1178e+00   9.1725e-03   2.0523e-02   1.0818e+06   1.0452e+06   1.0587e+06   2.4579e+04
  7.4375e+01   7.4964e+01   4.3155e+00  -5.7685e-03   1.3558e-02   1.4789e+06   1.4547e+06   1.4710e+06   3.3682e+04
  9.0603e+01   9.1278e+01   4.5125e+00  -8.1746e-03   1.4534e-02   2.0002e+06   1.9666e+06   1.9914e+06   4.5448e+04
