## {'tot': 3334370.751315012, 'coords': 'spherical', 'metric': 'Euclidean', 'sep_units': 'arcmin', 'bin_type': 'Log'}
#   r_nom       meanr       meanlogr        xi        sigma_xi        DD           RR           DR         npairs   
  1.1037e-01   1.1037e-01  -2.2039e+00  -1.0375e+00   8.7474e-02   0.0000e+00   4.7300e-01   4.8187e-01   0.0000e+00
  1.3445e-01   1.3445e-01  -2.0065e+00  -1.1046e+00   7.1295e-02   0.0000e+00   6.9153e-01   7.2771e-01   0.0000e+00
  1.6379e-01   1.6379e-01  -1.8092e+00  -1.0234e+00   6.9900e-02   0.0000e+00   1.0219e+00   1.0339e+00   0.0000e+00
  1.9953e-01   1.9953e-01  -1.6118e+00  -9.4825e-01   5.9490e-02   0.0000e+00   1.5099e+00   1.4708e+00   0.0000e+00
  2.4306e-01   2.4306e-01  -1.4144e+00  -1.0236e+00   5.1362e-02   0.0000e+00   2.2287e+00   2.2550e+00   0.0000e+00
  2.9609e-01   2.9609e-01  -1.2171e+00  -1.0122e+00   3.1859e-02   0.0000e+00   3.2872e+00   3.3073e+00   0.0000e+00
  3.6070e-01   3.6070e-01  -1.0197e+00  -1.0165e+00   3.4358e-02   0.0000e+00   4.8432e+00   4.8831e+00   0.0000e+00
  4.3940e-01   4.3940e-01  -8.2235e-01  -9.7538e-01   3.0060e-02   0.0000e+00   7.1420e+00   7.0541e+00   0.0000e+00
  5.3527e-01   5.3527e-01  -6.2499e-01  -1.0396e+00   2.4832e-02   0.0000e+00   1.0537e+01   1.0745e+01   0.0000e+00
  6.5206e-01   6.6370e-01  -4.1031e-01   4.8013e+00   3.9858e+00   9.0049e+01   1.5547e+01   1.5475e+01   2.0000e+00
  7.9433e-01   7.9433e-01  -2.3026e-01  -1.0274e+00   2.1346e-02   0.0000e+00   2.2954e+01   2.3268e+01   0.0000e+00
  9.6764e-01   9.5872e-01  -4.2158e-02   2.9447e-01   1.3240e+00   4.4340e+01   3.3898e+01   3.4128e+01   1.0000e+00
  1.1788e+00   1.2578e+00   2.2936e-01  -1.9896e-01   8.2838e-01   4.0761e+01   5.0037e+01   5.0377e+01   1.0000e+00
  1.4360e+00   1.5081e+00   4.1085e-01  -4.0336e-02   9.5490e-01   6.9489e+01   7.3751e+01   7.3108e+01   1.0000e+00
  1.7493e+00   1.7164e+00   5.4024e-01  -7.2295e-01   2.8060e-01   2.9778e+01   1.0878e+02   1.0860e+02   1.0000e+00
  2.1309e+00   2.2207e+00   7.9756e-01   5.1566e-01   9.1699e-01   2.4227e+02   1.6048e+02   1.5999e+02   4.0000e+00
  2.5959e+00   2.7855e+00   1.0243e+00   3.8532e-04   4.7332e-01   2.3441e+02   2.3586e+02   2.3509e+02   4.0000e+00
  3.1623e+00   3.1673e+00   1.1514e+00   1.0993e-01   4.1686e-01   3.8399e+02   3.4764e+02   3.4671e+02   8.0000e+00
  3.8522e+00   3.8315e+00   1.3418e+00   6.1802e-01   4.0004e-01   8.2593e+02   5.1151e+02   5.1066e+02   1.8000e+01
  4.6928e+00   4.7943e+00   1.5661e+00   1.3723e-01   4.1104e-01   8.6050e+02   7.5287e+02   7.5502e+02   1.6000e+01
  5.7167e+00   5.6500e+00   1.7299e+00   2.2868e-03   2.1630e-01   1.1239e+03   1.1065e+03   1.1140e+03   2.2000e+01
  6.9640e+00   7.1407e+00   1.9642e+00   1.2136e-01   1.8951e-01   1.8512e+03   1.6221e+03   1.6382e+03   3.5000e+01
  8.4834e+00   8.4957e+00   2.1377e+00   7.3910e-02   1.1118e-01   2.5965e+03   2.3891e+03   2.4045e+03   5.3000e+01
  1.0334e+01   1.0334e+01   2.3338e+00  -6.1490e-02   1.1372e-01   3.3556e+03   3.5047e+03   3.5379e+03   6.4000e+01
  1.2589e+01   1.2570e+01   2.5300e+00  -8.0483e-02   1.0831e-01   4.8536e+03   5.1478e+03   5.2079e+03   9.4000e+01
  1.5336e+01   1.5383e+01   2.7318e+00   1.4169e-01   1.3607e-01   8.7699e+03   7.5364e+03   7.6192e+03   1.7200e+02
  1.8682e+01   1.8734e+01   2.9289e+00   7.9340e-02   7.6774e-02   1.2021e+04   1.1012e+04   1.1080e+04   2.3900e+02
  2.2758e+01   2.2856e+01   3.1277e+00   7.7607e-02   1.1456e-01   1.7558e+04   1.6033e+04   1.6173e+04   3.3700e+02
  2.7724e+01   2.7791e+01   3.3232e+00   6.6175e-02   6.2711e-02   2.5416e+04   2.3230e+04   2.3555e+04   5.0100e+02
  3.3773e+01   3.4121e+01   3.5284e+00   3.3924e-02   4.7461e-02   3.5454e+04   3.3642e+04   3.3977e+04   6.9400e+02
  4.1142e+01   4.1353e+01   3.7206e+00   5.0155e-02   5.6829e-02   5.1814e+04   4.8110e+04   4.8755e+04   9.9900e+02
  5.0119e+01   5.0437e+01   3.9193e+00  -4.6622e-02   4.9508e-02   6.6966e+04   6.8326e+04   6.9239e+04   1.3040e+03
  6.1054e+01   6.1267e+01   4.1138e+00  -1.0128e-02   4.0461e-02   9.6496e+04   9.5384e+04   9.6423e+04   1.8730e+03
  7.4375e+01   7.4987e+01   4.3158e+00  -7.4723e-03   4.7712e-02   1.3311e+05   1.3276e+05   1.3343e+05   2.6060e+03
  9.0603e+01   9.1450e+01   4.5143e+00  -1.3552e-02   3.1310e-02   1.7619e+05   1.7948e+05   1.7905e+05   3.4310e+03
