## {'tot': 179122518.567103, 'coords': 'spherical', 'metric': 'Euclidean', 'sep_units': 'arcmin', 'bin_type': 'Log'}
#   r_nom       meanr       meanlogr        xi        sigma_xi        DD           RR           DR         npairs   
  1.1037e-01   1.0968e-01  -2.2110e+00   3.9861e+00   2.9821e+00   1.2705e+02   2.5410e+01   2.5587e+01   3.0000e+00
  1.3445e-01   1.3661e-01  -1.9921e+00   7.3725e+00   3.1827e+00   3.1035e+02   3.7149e+01   3.6810e+01   6.0000e+00
  1.6379e-01   1.6039e-01  -1.8318e+00   2.1096e+00   2.2028e+00   1.6971e+02   5.4898e+01   5.4399e+01   4.0000e+00
  1.9953e-01   2.0137e-01  -1.6042e+00   3.2567e+00   1.4056e+00   3.4566e+02   8.1110e+01   8.1309e+01   8.0000e+00
  2.4306e-01   2.4561e-01  -1.4055e+00   3.7761e+00   1.0083e+00   5.7153e+02   1.1973e+02   1.1958e+02   1.3000e+01
  2.9609e-01   2.9982e-01  -1.2055e+00   1.9814e+00   9.2555e-01   5.2731e+02   1.7659e+02   1.7700e+02   1.1000e+01
  3.6070e-01   3.6687e-01  -1.0044e+00   1.2421e+00   5.9746e-01   5.8149e+02   2.6018e+02   2.5926e+02   1.4000e+01
  4.3940e-01   4.4025e-01  -8.2213e-01   1.2691e+00   4.6620e-01   8.6858e+02   3.8367e+02   3.8267e+02   2.0000e+01
  5.3527e-01   5.3769e-01  -6.2173e-01   1.3280e+00   3.9150e-01   1.3169e+03   5.6603e+02   5.6564e+02   2.9000e+01
  6.5206e-01   6.4819e-01  -4.3502e-01   1.2348e+00   4.5166e-01   1.8587e+03   8.3519e+02   8.3130e+02   4.3000e+01
  7.9433e-01   8.0132e-01  -2.2280e-01   7.4184e-01   2.0179e-01   2.1383e+03   1.2331e+03   1.2283e+03   4.9000e+01
  9.6764e-01   9.7894e-01  -2.2715e-02   1.0905e+00   2.4943e-01   3.7916e+03   1.8210e+03   1.8134e+03   8.8000e+01
  1.1788e+00   1.1954e+00   1.7695e-01   5.5607e-01   1.5520e-01   4.1758e+03   2.6880e+03   2.6845e+03   1.0000e+02
  1.4360e+00   1.4335e+00   3.5852e-01   5.6877e-01   1.3584e-01   6.1822e+03   3.9619e+03   3.9453e+03   1.4700e+02
  1.7493e+00   1.7655e+00   5.6679e-01   2.6661e-01   1.0234e-01   7.3508e+03   5.8439e+03   5.8183e+03   1.7900e+02
  2.1309e+00   2.1471e+00   7.6247e-01   2.2692e-01   9.1772e-02   1.0455e+04   8.6208e+03   8.5599e+03   2.4800e+02
  2.5959e+00   2.6232e+00   9.6287e-01   1.1401e-01   5.5090e-02   1.4032e+04   1.2670e+04   1.2629e+04   3.4600e+02
  3.1623e+00   3.2005e+00   1.1617e+00   1.9665e-01   7.4522e-02   2.2045e+04   1.8675e+04   1.8524e+04   5.2800e+02
  3.8522e+00   3.8806e+00   1.3545e+00   1.3594e-01   3.6740e-02   3.0812e+04   2.7478e+04   2.7277e+04   7.5000e+02
  4.6928e+00   4.7215e+00   1.5506e+00   1.1007e-01   3.7610e-02   4.4261e+04   4.0444e+04   4.0127e+04   1.0690e+03
  5.7167e+00   5.7558e+00   1.7487e+00   1.5649e-01   3.9881e-02   6.8021e+04   5.9441e+04   5.9080e+04   1.6480e+03
  6.9640e+00   7.0368e+00   1.9496e+00   1.0050e-01   3.7742e-02   9.4610e+04   8.7137e+04   8.6495e+04   2.2930e+03
  8.4834e+00   8.5466e+00   2.1440e+00   6.9987e-02   2.8564e-02   1.3585e+05   1.2834e+05   1.2761e+05   3.3000e+03
  1.0334e+01   1.0428e+01   2.3430e+00   8.4433e-02   2.2176e-02   2.0087e+05   1.8827e+05   1.8662e+05   4.8870e+03
  1.2589e+01   1.2679e+01   2.5385e+00   3.7612e-02   2.0135e-02   2.8231e+05   2.7654e+05   2.7422e+05   6.9050e+03
  1.5336e+01   1.5483e+01   2.7383e+00   3.3280e-02   1.8424e-02   4.0865e+05   4.0485e+05   4.0002e+05   9.9270e+03
  1.8682e+01   1.8837e+01   2.9343e+00   4.0308e-02   1.3942e-02   6.0239e+05   5.9158e+05   5.8507e+05   1.4710e+04
  2.2758e+01   2.2951e+01   3.1319e+00   2.8682e-02   1.6824e-02   8.6451e+05   8.6132e+05   8.5056e+05   2.1168e+04
  2.7724e+01   2.7937e+01   3.3285e+00   1.9626e-02   1.1905e-02   1.2352e+06   1.2479e+06   1.2293e+06   3.0160e+04
  3.3773e+01   3.4065e+01   3.5268e+00   1.5612e-02   1.3491e-02   1.7694e+06   1.8072e+06   1.7742e+06   4.3242e+04
  4.1142e+01   4.1504e+01   3.7243e+00   5.7523e-04   1.1439e-02   2.5028e+06   2.5845e+06   2.5429e+06   6.1164e+04
  5.0119e+01   5.0555e+01   3.9216e+00   7.8780e-03   1.1032e-02   3.5156e+06   3.6705e+06   3.5786e+06   8.5959e+04
  6.1054e+01   6.1557e+01   4.1185e+00   7.9527e-03   9.7856e-03   4.8440e+06   5.1240e+06   4.9636e+06   1.1840e+05
  7.4375e+01   7.5012e+01   4.3162e+00  -5.0914e-03   9.5096e-03   6.6042e+06   7.1320e+06   6.8863e+06   1.6161e+05
  9.0603e+01   9.1362e+01   4.5134e+00  -3.7160e-03   9.8955e-03   9.0619e+06   9.6417e+06   9.3697e+06   2.2125e+05
