## {'tot': 3213468324.4240437, 'coords': 'spherical', 'metric': 'Euclidean', 'sep_units': 'arcmin', 'bin_type': 'Log'}
#   r_nom       meanr       meanlogr        xi        sigma_xi        DD           RR           DR         npairs   
  1.1037e-01   1.1256e-01  -2.1853e+00   8.8692e-01   3.5992e-01   8.5514e+02   4.5585e+02   4.5334e+02   2.3000e+01
  1.3445e-01   1.3418e-01  -2.0103e+00   6.4233e-01   2.7201e-01   1.0932e+03   6.6645e+02   6.6577e+02   2.9000e+01
  1.6379e-01   1.6511e-01  -1.8030e+00   6.9869e-01   2.1684e-01   1.6644e+03   9.8487e+02   9.8056e+02   4.3000e+01
  1.9953e-01   2.0228e-01  -1.5996e+00   4.5687e-01   1.8103e-01   2.1222e+03   1.4551e+03   1.4563e+03   5.6000e+01
  2.4306e-01   2.4584e-01  -1.4048e+00   4.3925e-01   1.8721e-01   3.0503e+03   2.1479e+03   2.1274e+03   7.8000e+01
  2.9609e-01   2.9846e-01  -1.2107e+00   1.9443e-01   1.2094e-01   3.7790e+03   3.1680e+03   3.1655e+03   1.0400e+02
  3.6070e-01   3.6583e-01  -1.0072e+00   1.5774e-01   1.0975e-01   5.4232e+03   4.6676e+03   4.6773e+03   1.4600e+02
  4.3940e-01   4.4152e-01  -8.1907e-01   3.0178e-01   1.0857e-01   8.9265e+03   6.8830e+03   6.8662e+03   2.3600e+02
  5.3527e-01   5.4306e-01  -6.1201e-01   2.1137e-01   6.3848e-02   1.2297e+04   1.0155e+04   1.0153e+04   3.3000e+02
  6.5206e-01   6.5474e-01  -4.2518e-01   1.0218e-01   5.5606e-02   1.6605e+04   1.4983e+04   1.5029e+04   4.4400e+02
  7.9433e-01   7.9819e-01  -2.2702e-01   1.4343e-01   5.3295e-02   2.5499e+04   2.2121e+04   2.2224e+04   6.8400e+02
  9.6764e-01   9.7392e-01  -2.8089e-02   1.6166e-01   3.8103e-02   3.8296e+04   3.2669e+04   3.2842e+04   1.0230e+03
  1.1788e+00   1.1834e+00   1.6679e-01   1.5837e-01   3.2923e-02   5.6049e+04   4.8223e+04   4.8317e+04   1.5010e+03
  1.4360e+00   1.4463e+00   3.6745e-01   9.8379e-02   1.9786e-02   7.8462e+04   7.1077e+04   7.1273e+04   2.0970e+03
  1.7493e+00   1.7600e+00   5.6374e-01   6.4674e-02   1.6013e-02   1.1177e+05   1.0484e+05   1.0492e+05   2.9830e+03
  2.1309e+00   2.1452e+00   7.6169e-01   6.1541e-02   2.3794e-02   1.6426e+05   1.5466e+05   1.5470e+05   4.3940e+03
  2.5959e+00   2.6189e+00   9.6124e-01   7.7003e-02   1.6551e-02   2.4605e+05   2.2731e+05   2.2792e+05   6.5720e+03
  3.1623e+00   3.1865e+00   1.1574e+00   5.6540e-02   1.3661e-02   3.5191e+05   3.3504e+05   3.3400e+05   9.4050e+03
  3.8522e+00   3.8883e+00   1.3565e+00   5.0773e-02   1.2115e-02   5.1861e+05   4.9296e+05   4.9327e+05   1.3805e+04
  4.6928e+00   4.7279e+00   1.5520e+00   4.0632e-02   1.3974e-02   7.5400e+05   7.2557e+05   7.2505e+05   2.0153e+04
  5.7167e+00   5.7616e+00   1.7497e+00   2.9565e-02   1.0563e-02   1.1020e+06   1.0664e+06   1.0684e+06   2.9395e+04
  6.9640e+00   7.0243e+00   1.9479e+00   4.1981e-02   9.6072e-03   1.6260e+06   1.5632e+06   1.5618e+06   4.3414e+04
  8.4834e+00   8.5494e+00   2.1444e+00   1.7916e-02   1.0201e-02   2.3537e+06   2.3025e+06   2.3075e+06   6.2805e+04
  1.0334e+01   1.0423e+01   2.3425e+00   2.4054e-02   9.9658e-03   3.4690e+06   3.3776e+06   3.3827e+06   9.2547e+04
  1.2589e+01   1.2693e+01   2.5396e+00   1.5909e-02   9.8194e-03   5.0715e+06   4.9611e+06   4.9768e+06   1.3538e+05
  1.5336e+01   1.5468e+01   2.7373e+00   2.3966e-02   7.2157e-03   7.4775e+06   7.2631e+06   7.2833e+06   1.9944e+05
  1.8682e+01   1.8847e+01   2.9349e+00   1.4901e-02   8.8517e-03   1.0877e+07   1.0613e+07   1.0666e+07   2.9013e+05
  2.2758e+01   2.2959e+01   3.1322e+00   1.6937e-02   8.5983e-03   1.5860e+07   1.5452e+07   1.5525e+07   4.2264e+05
  2.7724e+01   2.7974e+01   3.3298e+00   1.1782e-02   7.8330e-03   2.2902e+07   2.2388e+07   2.2513e+07   6.0981e+05
  3.3773e+01   3.4078e+01   3.5272e+00   9.3656e-03   6.5040e-03   3.2913e+07   3.2422e+07   3.2516e+07   8.7639e+05
  4.1142e+01   4.1512e+01   3.7245e+00   5.3086e-03   6.0705e-03   4.6996e+07   4.6365e+07   4.6558e+07   1.2501e+06
  5.0119e+01   5.0564e+01   3.9218e+00   7.4364e-03   4.9296e-03   6.6810e+07   6.5849e+07   6.6084e+07   1.7760e+06
  6.1054e+01   6.1585e+01   4.1190e+00   3.1168e-03   4.0262e-03   9.4004e+07   9.1925e+07   9.2821e+07   2.4969e+06
  7.4375e+01   7.5021e+01   4.3163e+00   5.6712e-03   3.6703e-03   1.3012e+08   1.2795e+08   1.2867e+08   3.4539e+06
  9.0603e+01   9.1370e+01   4.5135e+00   6.6744e-04   3.6046e-03   1.7740e+08   1.7297e+08   1.7513e+08   4.7095e+06
