## {'tot': 219912.1350358026, 'coords': 'spherical', 'metric': 'Euclidean', 'sep_units': 'arcmin', 'bin_type': 'Log'}
#   r_nom       meanr       meanlogr        xi        sigma_xi        DD           RR           DR         npairs   
  1.1037e-01   1.1037e-01  -2.2039e+00  -9.2829e-01   1.1729e-01   0.0000e+00   3.1196e-02   3.0077e-02   0.0000e+00
  1.3445e-01   1.3445e-01  -2.0065e+00  -6.9809e-01   1.7392e-01   0.0000e+00   4.5608e-02   3.8724e-02   0.0000e+00
  1.6379e-01   1.6379e-01  -1.8092e+00  -9.5664e-01   1.3284e-01   0.0000e+00   6.7399e-02   6.5938e-02   0.0000e+00
  1.9953e-01   1.9953e-01  -1.6118e+00  -1.0547e+00   1.2257e-01   0.0000e+00   9.9580e-02   1.0231e-01   0.0000e+00
  2.4306e-01   2.4306e-01  -1.4144e+00  -7.3396e-01   7.0171e-02   0.0000e+00   1.4699e-01   1.2744e-01   0.0000e+00
  2.9609e-01   2.9609e-01  -1.2171e+00  -9.4169e-01   5.7954e-02   0.0000e+00   2.1680e-01   2.1048e-01   0.0000e+00
  3.6070e-01   3.6070e-01  -1.0197e+00  -9.3832e-01   6.7237e-02   0.0000e+00   3.1942e-01   3.0957e-01   0.0000e+00
  4.3940e-01   4.3940e-01  -8.2235e-01  -1.0765e+00   4.3017e-02   0.0000e+00   4.7104e-01   4.8905e-01   0.0000e+00
  5.3527e-01   5.1513e-01  -6.6334e-01   6.5200e+01   6.7744e+01   4.5967e+01   6.9493e-01   6.7654e-01   1.0000e+00
  6.5206e-01   6.5206e-01  -4.2762e-01  -9.6542e-01   4.6908e-02   0.0000e+00   1.0254e+00   1.0077e+00   0.0000e+00
  7.9433e-01   7.9433e-01  -2.3026e-01  -1.0715e+00   4.3713e-02   0.0000e+00   1.5139e+00   1.5680e+00   0.0000e+00
  9.6764e-01   9.0210e-01  -1.0302e-01   1.2431e+01   1.9038e+01   3.0002e+01   2.2357e+00   2.2228e+00   1.0000e+00
  1.1788e+00   1.1788e+00   1.6447e-01  -9.9641e-01   4.4134e-02   0.0000e+00   3.3001e+00   3.2942e+00   0.0000e+00
  1.4360e+00   1.4360e+00   3.6183e-01  -9.4869e-01   5.1029e-02   0.0000e+00   4.8641e+00   4.7393e+00   0.0000e+00
  1.7493e+00   1.7493e+00   5.5920e-01  -9.6501e-01   4.2536e-02   0.0000e+00   7.1747e+00   7.0491e+00   0.0000e+00
  2.1309e+00   2.2131e+00   7.9435e-01   5.8886e+00   5.1973e+00   7.2505e+01   1.0584e+01   1.0382e+01   2.0000e+00
  2.5959e+00   2.5523e+00   9.3673e-01   4.1832e+00   3.8849e+00   8.0521e+01   1.5556e+01   1.5503e+01   2.0000e+00
  3.1623e+00   2.8872e+00   1.0603e+00   4.9541e-01   1.5262e+00   3.3537e+01   2.2928e+01   2.2553e+01   1.0000e+00
  3.8522e+00   3.8522e+00   1.3487e+00  -9.5897e-01   4.6946e-02   0.0000e+00   3.3736e+01   3.3044e+01   0.0000e+00
  4.6928e+00   4.9855e+00   1.6060e+00   4.9981e-01   1.1632e+00   7.2622e+01   4.9654e+01   4.8729e+01   2.0000e+00
  5.7167e+00   5.7483e+00   1.7479e+00   1.7672e+00   1.1628e+00   1.9878e+02   7.2977e+01   7.1396e+01   5.0000e+00
  6.9640e+00   7.2861e+00   1.9848e+00   2.1800e+00   1.6172e+00   3.3509e+02   1.0698e+02   1.0443e+02   9.0000e+00
  8.4834e+00   8.8828e+00   2.1834e+00   7.3056e-01   5.8399e-01   2.7024e+02   1.5757e+02   1.5635e+02   7.0000e+00
  1.0334e+01   1.0576e+01   2.3574e+00   9.5209e-01   5.4907e-01   4.4617e+02   2.3114e+02   2.2862e+02   1.3000e+01
  1.2589e+01   1.2708e+01   2.5405e+00   5.6565e-01   4.5539e-01   5.2907e+02   3.3951e+02   3.3827e+02   1.5000e+01
  1.5336e+01   1.5494e+01   2.7383e+00  -2.5932e-02   2.8392e-01   4.7422e+02   4.9705e+02   4.9208e+02   1.3000e+01
  1.8682e+01   1.8547e+01   2.9183e+00   4.1022e-01   4.9741e-01   1.0048e+03   7.2630e+02   7.1656e+02   2.6000e+01
  2.2758e+01   2.2704e+01   3.1212e+00   1.3726e-01   1.8321e-01   1.1555e+03   1.0575e+03   1.0339e+03   3.1000e+01
  2.7724e+01   2.7980e+01   3.3298e+00   1.2107e-01   2.3636e-01   1.6543e+03   1.5321e+03   1.5005e+03   4.5000e+01
  3.3773e+01   3.3713e+01   3.5161e+00   1.0035e-01   1.6438e-01   2.3026e+03   2.2188e+03   2.1494e+03   6.0000e+01
  4.1142e+01   4.1400e+01   3.7218e+00  -1.3553e-01   1.2463e-01   2.5235e+03   3.1730e+03   3.0633e+03   6.7000e+01
  5.0119e+01   5.0602e+01   3.9226e+00  -1.6184e-01   1.5021e-01   3.4523e+03   4.5063e+03   4.3440e+03   9.4000e+01
  6.1054e+01   6.1570e+01   4.1186e+00   1.8664e-01   1.4113e-01   6.8238e+03   6.2909e+03   5.9703e+03   1.8200e+02
  7.4375e+01   7.5178e+01   4.3183e+00   2.7422e-02   1.3555e-01   8.1617e+03   8.7561e+03   8.3389e+03   2.1900e+02
  9.0603e+01   9.1474e+01   4.5146e+00   4.9927e-02   9.7968e-02   1.0893e+04   1.1837e+04   1.1070e+04   2.9800e+02
