## {'tot': 4520357544768.82, 'coords': 'spherical', 'metric': 'Euclidean', 'sep_units': 'arcmin', 'bin_type': 'Log'}
#   r_nom       meanr       meanlogr        xi        sigma_xi        DD           RR           DR         npairs   
  1.1037e-01   1.1126e-01  -2.1975e+00   1.8507e-01   8.6087e-03   7.2281e+05   6.1221e+05   6.1086e+05   1.6504e+04
  1.3445e-01   1.3549e-01  -2.0005e+00   1.7376e-01   9.3538e-03   1.0495e+06   8.9465e+05   8.9434e+05   2.4008e+04
  1.6379e-01   1.6505e-01  -1.8031e+00   1.4001e-01   6.4500e-03   1.5031e+06   1.3197e+06   1.3190e+06   3.4512e+04
  1.9953e-01   2.0107e-01  -1.6057e+00   1.3073e-01   6.7404e-03   2.2000e+06   1.9453e+06   1.9455e+06   5.0415e+04
  2.4306e-01   2.4500e-01  -1.4081e+00   1.0794e-01   5.2750e-03   3.1679e+06   2.8653e+06   2.8620e+06   7.2642e+04
  2.9609e-01   2.9840e-01  -1.2109e+00   9.3443e-02   4.3450e-03   4.6066e+06   4.2142e+06   4.2135e+06   1.0584e+05
  3.6070e-01   3.6361e-01  -1.0132e+00   8.3541e-02   3.9195e-03   6.7181e+06   6.1993e+06   6.1997e+06   1.5438e+05
  4.3940e-01   4.4291e-01  -8.1593e-01   6.6640e-02   3.3794e-03   9.7388e+06   9.1240e+06   9.1274e+06   2.2388e+05
  5.3527e-01   5.3963e-01  -6.1839e-01   5.8123e-02   2.8030e-03   1.4252e+07   1.3452e+07   1.3461e+07   3.2789e+05
  6.5206e-01   6.5748e-01  -4.2085e-01   5.1043e-02   2.6176e-03   2.0918e+07   1.9844e+07   1.9875e+07   4.8132e+05
  7.9433e-01   8.0081e-01  -2.2363e-01   4.3245e-02   2.9482e-03   3.0630e+07   2.9274e+07   2.9319e+07   7.0517e+05
  9.6764e-01   9.7586e-01  -2.5923e-02   3.9646e-02   2.3597e-03   4.5097e+07   4.3201e+07   4.3292e+07   1.0393e+06
  1.1788e+00   1.1888e+00   1.7147e-01   3.4221e-02   2.4279e-03   6.6131e+07   6.3733e+07   6.3842e+07   1.5245e+06
  1.4360e+00   1.4483e+00   3.6892e-01   3.0425e-02   2.2436e-03   9.7004e+07   9.3893e+07   9.4020e+07   2.2355e+06
  1.7493e+00   1.7645e+00   5.6640e-01   2.4418e-02   2.0027e-03   1.4222e+08   1.3833e+08   1.3858e+08   3.2785e+06
  2.1309e+00   2.1497e+00   7.6384e-01   2.3030e-02   1.7623e-03   2.0870e+08   2.0384e+08   2.0392e+08   4.8104e+06
  2.5959e+00   2.6190e+00   9.6131e-01   1.8844e-02   1.7071e-03   3.0628e+08   2.9929e+08   2.9996e+08   7.0593e+06
  3.1623e+00   3.1905e+00   1.1587e+00   1.8270e-02   1.7809e-03   4.4867e+08   4.3995e+08   4.4029e+08   1.0339e+07
  3.8522e+00   3.8872e+00   1.3562e+00   1.5550e-02   1.5065e-03   6.5771e+08   6.4692e+08   6.4729e+08   1.5156e+07
  4.6928e+00   4.7356e+00   1.5537e+00   1.4025e-02   1.5655e-03   9.6460e+08   9.5001e+08   9.5065e+08   2.2226e+07
  5.7167e+00   5.7692e+00   1.7511e+00   1.3632e-02   1.4672e-03   1.4141e+09   1.3946e+09   1.3949e+09   3.2580e+07
  6.9640e+00   7.0291e+00   1.9486e+00   1.1372e-02   1.4869e-03   2.0713e+09   2.0384e+09   2.0433e+09   4.7714e+07
  8.4834e+00   8.5637e+00   2.1461e+00   9.7885e-03   1.4787e-03   3.0283e+09   2.9963e+09   2.9976e+09   6.9766e+07
  1.0334e+01   1.0432e+01   2.3435e+00   9.2624e-03   1.3912e-03   4.4305e+09   4.3849e+09   4.3874e+09   1.0208e+08
  1.2589e+01   1.2710e+01   2.5409e+00   1.0167e-02   1.5331e-03   6.4883e+09   6.4229e+09   6.4229e+09   1.4950e+08
  1.5336e+01   1.5484e+01   2.7383e+00   5.3583e-03   1.5559e-03   9.4679e+09   9.3599e+09   9.3888e+09   2.1815e+08
  1.8682e+01   1.8863e+01   2.9358e+00   6.7859e-03   1.3712e-03   1.3803e+10   1.3658e+10   1.3685e+10   3.1807e+08
  2.2758e+01   2.2981e+01   3.1332e+00   5.2254e-03   1.5914e-03   2.0034e+10   1.9816e+10   1.9873e+10   4.6159e+08
  2.7724e+01   2.7992e+01   3.3305e+00   4.9789e-03   1.8274e-03   2.8977e+10   2.8658e+10   2.8746e+10   6.6745e+08
  3.3773e+01   3.4098e+01   3.5278e+00   4.6775e-03   1.5850e-03   4.1776e+10   4.1254e+10   4.1419e+10   9.6203e+08
  4.1142e+01   4.1530e+01   3.7250e+00   3.6783e-03   1.6383e-03   5.9440e+10   5.8660e+10   5.8942e+10   1.3687e+09
  5.0119e+01   5.0580e+01   3.9221e+00   2.4413e-03   2.1669e-03   8.3390e+10   8.2030e+10   8.2610e+10   1.9209e+09
  6.1054e+01   6.1595e+01   4.1191e+00   3.6483e-03   1.8938e-03   1.1471e+11   1.1285e+11   1.1357e+11   2.6426e+09
  7.4375e+01   7.5003e+01   4.3161e+00   1.0131e-03   1.7108e-03   1.5538e+11   1.5298e+11   1.5411e+11   3.5797e+09
  9.0603e+01   9.1313e+01   4.5128e+00   1.2483e-03   1.4478e-03   2.0211e+11   1.9940e+11   2.0063e+11   4.6586e+09
