## {'tot': 3477463405.295589, 'coords': 'spherical', 'metric': 'Euclidean', 'sep_units': 'arcmin', 'bin_type': 'Log'}
#   r_nom       meanr       meanlogr        xi        sigma_xi        DD           RR           DR         npairs   
  1.1037e-01   1.1264e-01  -2.1858e+00   1.1139e+00   4.1517e-01   9.9708e+02   4.7097e+02   4.7172e+02   2.4000e+01
  1.3445e-01   1.3574e-01  -1.9985e+00   1.1456e+00   3.6761e-01   1.4638e+03   6.8824e+02   6.8181e+02   3.8000e+01
  1.6379e-01   1.6617e-01  -1.7961e+00   8.1475e-01   2.9862e-01   1.8489e+03   1.0152e+03   1.0185e+03   4.8000e+01
  1.9953e-01   1.9871e-01  -1.6175e+00   1.2719e+00   2.4905e-01   3.3976e+03   1.4965e+03   1.4954e+03   9.0000e+01
  2.4306e-01   2.4235e-01  -1.4191e+00   7.8754e-01   1.4435e-01   3.9377e+03   2.2043e+03   2.2030e+03   1.0000e+02
  2.9609e-01   2.9621e-01  -1.2182e+00   3.9478e-01   1.4417e-01   4.4731e+03   3.2420e+03   3.2176e+03   1.1900e+02
  3.6070e-01   3.6264e-01  -1.0160e+00   4.6408e-01   1.2444e-01   6.9462e+03   4.7691e+03   4.7510e+03   1.8400e+02
  4.3940e-01   4.4303e-01  -8.1585e-01   6.1637e-01   8.6263e-02   1.1326e+04   7.0190e+03   7.0096e+03   2.9900e+02
  5.3527e-01   5.3845e-01  -6.2063e-01   4.8270e-01   5.9302e-02   1.5244e+04   1.0349e+04   1.0299e+04   3.9700e+02
  6.5206e-01   6.5680e-01  -4.2192e-01   3.1562e-01   7.9416e-02   2.0051e+04   1.5266e+04   1.5249e+04   5.2800e+02
  7.9433e-01   8.0067e-01  -2.2389e-01   3.9044e-01   6.2392e-02   3.1192e+04   2.2520e+04   2.2460e+04   8.2500e+02
  9.6764e-01   9.7340e-01  -2.8608e-02   3.6816e-01   6.3653e-02   4.5503e+04   3.3234e+04   3.3251e+04   1.2010e+03
  1.1788e+00   1.1869e+00   1.6989e-01   3.1414e-01   4.3322e-02   6.4461e+04   4.9029e+04   4.9044e+04   1.6900e+03
  1.4360e+00   1.4461e+00   3.6734e-01   2.5782e-01   3.3971e-02   9.0906e+04   7.2231e+04   7.2257e+04   2.4240e+03
  1.7493e+00   1.7659e+00   5.6716e-01   2.2586e-01   3.4559e-02   1.3126e+05   1.0641e+05   1.0682e+05   3.5380e+03
  2.1309e+00   2.1490e+00   7.6345e-01   1.9160e-01   2.7204e-02   1.8750e+05   1.5681e+05   1.5713e+05   5.0470e+03
  2.5959e+00   2.6164e+00   9.6026e-01   1.4782e-01   2.4011e-02   2.6743e+05   2.3024e+05   2.3182e+05   7.1890e+03
  3.1623e+00   3.1876e+00   1.1578e+00   1.4372e-01   2.7912e-02   3.9005e+05   3.3845e+05   3.3993e+05   1.0532e+04
  3.8522e+00   3.8808e+00   1.3545e+00   1.0946e-01   2.7534e-02   5.5937e+05   4.9767e+05   5.0128e+05   1.5095e+04
  4.6928e+00   4.7257e+00   1.5515e+00   1.1267e-01   2.7308e-02   8.2372e+05   7.3083e+05   7.3610e+05   2.2342e+04
  5.7167e+00   5.7656e+00   1.7504e+00   8.1469e-02   2.1871e-02   1.1787e+06   1.0729e+06   1.0821e+06   3.1769e+04
  6.9640e+00   7.0239e+00   1.9478e+00   8.7750e-02   2.2239e-02   1.7285e+06   1.5681e+06   1.5795e+06   4.6764e+04
  8.4834e+00   8.5555e+00   2.1451e+00   7.3226e-02   2.1035e-02   2.5177e+06   2.3050e+06   2.3269e+06   6.8318e+04
  1.0334e+01   1.0422e+01   2.3424e+00   6.2762e-02   1.6941e-02   3.6367e+06   3.3733e+06   3.3991e+06   9.8556e+04
  1.2589e+01   1.2697e+01   2.5399e+00   4.6123e-02   1.4661e-02   5.2582e+06   4.9411e+06   4.9857e+06   1.4266e+05
  1.5336e+01   1.5469e+01   2.7374e+00   4.0269e-02   1.4765e-02   7.6540e+06   7.2005e+06   7.2823e+06   2.0790e+05
  1.8682e+01   1.8845e+01   2.9348e+00   3.5920e-02   1.2584e-02   1.1134e+07   1.0507e+07   1.0632e+07   3.0254e+05
  2.2758e+01   2.2957e+01   3.1322e+00   2.3475e-02   8.8716e-03   1.5990e+07   1.5244e+07   1.5438e+07   4.3455e+05
  2.7724e+01   2.7968e+01   3.3296e+00   2.0371e-02   9.7216e-03   2.3108e+07   2.2046e+07   2.2352e+07   6.2776e+05
  3.3773e+01   3.4070e+01   3.5270e+00   1.5315e-02   8.2026e-03   3.3022e+07   3.1736e+07   3.2136e+07   8.9662e+05
  4.1142e+01   4.1507e+01   3.7244e+00   1.2591e-02   5.7266e-03   4.6836e+07   4.5126e+07   4.5697e+07   1.2734e+06
  5.0119e+01   5.0551e+01   3.9215e+00   1.2842e-02   6.2638e-03   6.5917e+07   6.3105e+07   6.4105e+07   1.7919e+06
  6.1054e+01   6.1571e+01   4.1187e+00   5.2229e-03   6.6805e-03   9.0457e+07   8.6817e+07   8.8410e+07   2.4611e+06
  7.4375e+01   7.4991e+01   4.3159e+00   1.7917e-03   4.9487e-03   1.2192e+08   1.1769e+08   1.1970e+08   3.3183e+06
  9.0603e+01   9.1274e+01   4.5124e+00  -3.3202e-03   5.7081e-03   1.5696e+08   1.5339e+08   1.5543e+08   4.2716e+06
