## {'tot': 31895974840.429455, 'coords': 'spherical', 'metric': 'Euclidean', 'sep_units': 'arcmin', 'bin_type': 'Log'}
#   r_nom       meanr       meanlogr        xi        sigma_xi        DD           RR           DR         npairs   
  1.1037e-01   1.1099e-01  -2.1999e+00   6.8833e-01   1.1931e-01   7.2611e+03   4.3198e+03   4.3038e+03   1.6400e+02
  1.3445e-01   1.3520e-01  -2.0026e+00   6.9264e-01   9.7146e-02   1.0653e+04   6.3127e+03   6.2968e+03   2.4200e+02
  1.6379e-01   1.6352e-01  -1.8124e+00   6.1836e-01   1.0562e-01   1.5026e+04   9.3119e+03   9.2900e+03   3.4800e+02
  1.9953e-01   2.0057e-01  -1.6083e+00   5.8571e-01   5.9121e-02   2.1634e+04   1.3726e+04   1.3660e+04   5.0200e+02
  2.4306e-01   2.4419e-01  -1.4114e+00   4.2088e-01   7.3813e-02   2.8603e+04   2.0218e+04   2.0156e+04   6.7900e+02
  2.9609e-01   2.9843e-01  -1.2107e+00   4.5310e-01   5.6531e-02   4.3039e+04   2.9736e+04   2.9651e+04   1.0020e+03
  3.6070e-01   3.6348e-01  -1.0136e+00   3.3440e-01   4.2626e-02   5.8191e+04   4.3743e+04   4.3653e+04   1.3860e+03
  4.3940e-01   4.4313e-01  -8.1550e-01   2.8483e-01   3.4178e-02   8.2162e+04   6.4379e+04   6.4102e+04   1.9450e+03
  5.3527e-01   5.3967e-01  -6.1842e-01   2.6188e-01   2.6351e-02   1.1950e+05   9.4918e+04   9.4782e+04   2.8420e+03
  6.5206e-01   6.5594e-01  -4.2325e-01   2.3211e-01   1.7090e-02   1.7263e+05   1.4002e+05   1.4008e+05   4.1040e+03
  7.9433e-01   8.0077e-01  -2.2373e-01   1.7898e-01   1.9076e-02   2.4417e+05   2.0656e+05   2.0688e+05   5.8330e+03
  9.6764e-01   9.7539e-01  -2.6454e-02   1.8742e-01   1.7075e-02   3.6302e+05   3.0483e+05   3.0536e+05   8.7140e+03
  1.1788e+00   1.1878e+00   1.7056e-01   1.6703e-01   1.2069e-02   5.2576e+05   4.4971e+05   4.5018e+05   1.2638e+04
  1.4360e+00   1.4477e+00   3.6841e-01   1.3511e-01   1.2354e-02   7.5241e+05   6.6252e+05   6.6270e+05   1.8135e+04
  1.7493e+00   1.7635e+00   5.6575e-01   1.2309e-01   1.1761e-02   1.0986e+06   9.7603e+05   9.7722e+05   2.6414e+04
  2.1309e+00   2.1483e+00   7.6315e-01   9.8020e-02   1.1543e-02   1.5827e+06   1.4383e+06   1.4400e+06   3.8303e+04
  2.5959e+00   2.6172e+00   9.6060e-01   7.4694e-02   1.1180e-02   2.2883e+06   2.1118e+06   2.1212e+06   5.5506e+04
  3.1623e+00   3.1888e+00   1.1581e+00   6.6027e-02   1.0715e-02   3.3174e+06   3.1043e+06   3.1084e+06   8.0543e+04
  3.8522e+00   3.8832e+00   1.3552e+00   5.9478e-02   7.6364e-03   4.8593e+06   4.5647e+06   4.5763e+06   1.1810e+05
  4.6928e+00   4.7326e+00   1.5530e+00   4.3109e-02   9.0476e-03   7.0173e+06   6.7033e+06   6.7158e+06   1.7067e+05
  5.7167e+00   5.7674e+00   1.7507e+00   4.1752e-02   5.9255e-03   1.0303e+07   9.8407e+06   9.8666e+06   2.5079e+05
  6.9640e+00   7.0270e+00   1.9483e+00   3.2335e-02   6.8138e-03   1.4918e+07   1.4383e+07   1.4418e+07   3.6335e+05
  8.4834e+00   8.5595e+00   2.1456e+00   2.6398e-02   6.3489e-03   2.1766e+07   2.1142e+07   2.1175e+07   5.3056e+05
  1.0334e+01   1.0427e+01   2.3430e+00   2.1159e-02   5.1988e-03   3.1679e+07   3.0940e+07   3.0982e+07   7.7194e+05
  1.2589e+01   1.2702e+01   2.5403e+00   2.0831e-02   5.9043e-03   4.6452e+07   4.5320e+07   4.5414e+07   1.1323e+06
  1.5336e+01   1.5474e+01   2.7377e+00   1.4653e-02   5.4779e-03   6.7607e+07   6.6044e+07   6.6342e+07   1.6486e+06
  1.8682e+01   1.8851e+01   2.9351e+00   1.1684e-02   4.5455e-03   9.8562e+07   9.6375e+07   9.6905e+07   2.4034e+06
  2.2758e+01   2.2967e+01   3.1326e+00   1.2809e-02   4.9029e-03   1.4287e+08   1.3982e+08   1.4045e+08   3.4851e+06
  2.7724e+01   2.7976e+01   3.3299e+00   1.0961e-02   4.7543e-03   2.0677e+08   2.0221e+08   2.0338e+08   5.0458e+06
  3.3773e+01   3.4082e+01   3.5273e+00   9.5395e-03   5.1957e-03   2.9775e+08   2.9109e+08   2.9303e+08   7.2605e+06
  4.1142e+01   4.1516e+01   3.7246e+00   8.2739e-03   4.5051e-03   4.2441e+08   4.1391e+08   4.1744e+08   1.0349e+07
  5.0119e+01   5.0563e+01   3.9218e+00   7.6488e-03   4.2540e-03   5.9595e+08   5.7881e+08   5.8516e+08   1.4523e+07
  6.1054e+01   6.1575e+01   4.1188e+00   4.5428e-03   2.7429e-03   8.2287e+08   7.9630e+08   8.0778e+08   2.0048e+07
  7.4375e+01   7.4984e+01   4.3158e+00   3.3147e-03   2.5366e-03   1.1055e+09   1.0795e+09   1.0907e+09   2.6941e+07
  9.0603e+01   9.1282e+01   4.5125e+00  -9.7784e-04   2.3266e-03   1.4293e+09   1.4070e+09   1.4188e+09   3.4850e+07
