## {'tot': 218002842781.80432, 'coords': 'spherical', 'metric': 'Euclidean', 'sep_units': 'arcmin', 'bin_type': 'Log'}
#   r_nom       meanr       meanlogr        xi        sigma_xi        DD           RR           DR         npairs   
  1.1037e-01   1.1134e-01  -2.1968e+00   5.1571e-01   6.4015e-02   4.4686e+04   2.9525e+04   2.9492e+04   9.4300e+02
  1.3445e-01   1.3509e-01  -2.0034e+00   5.4795e-01   4.7780e-02   6.6980e+04   4.3146e+04   4.3242e+04   1.4110e+03
  1.6379e-01   1.6498e-01  -1.8036e+00   4.6694e-01   4.0579e-02   9.2794e+04   6.3645e+04   6.3360e+04   1.9380e+03
  1.9953e-01   2.0104e-01  -1.6059e+00   4.0406e-01   2.7058e-02   1.3132e+05   9.3817e+04   9.3615e+04   2.8110e+03
  2.4306e-01   2.4466e-01  -1.4095e+00   2.9513e-01   3.1510e-02   1.7814e+05   1.3819e+05   1.3777e+05   3.8250e+03
  2.9609e-01   2.9823e-01  -1.2115e+00   2.4315e-01   2.1473e-02   2.5253e+05   2.0324e+05   2.0317e+05   5.4240e+03
  3.6070e-01   3.6334e-01  -1.0140e+00   2.3732e-01   1.7691e-02   3.6808e+05   2.9897e+05   2.9805e+05   7.9400e+03
  4.3940e-01   4.4299e-01  -8.1578e-01   1.9333e-01   1.3668e-02   5.2284e+05   4.4002e+05   4.3889e+05   1.1294e+04
  5.3527e-01   5.3932e-01  -6.1902e-01   1.5304e-01   1.0949e-02   7.4534e+05   6.4875e+05   6.4740e+05   1.6143e+04
  6.5206e-01   6.5695e-01  -4.2170e-01   1.4708e-01   9.8400e-03   1.0955e+06   9.5703e+05   9.5589e+05   2.3870e+04
  7.9433e-01   8.0019e-01  -2.2444e-01   1.2172e-01   9.0412e-03   1.5818e+06   1.4118e+06   1.4109e+06   3.4455e+04
  9.6764e-01   9.7526e-01  -2.6578e-02   9.4032e-02   8.9105e-03   2.2799e+06   2.0835e+06   2.0837e+06   4.9921e+04
  1.1788e+00   1.1882e+00   1.7094e-01   8.9457e-02   7.7360e-03   3.3497e+06   3.0737e+06   3.0742e+06   7.3364e+04
  1.4360e+00   1.4475e+00   3.6833e-01   7.7868e-02   5.4618e-03   4.8749e+06   4.5282e+06   4.5252e+06   1.0715e+05
  1.7493e+00   1.7639e+00   5.6604e-01   6.2037e-02   5.9636e-03   7.0961e+06   6.6710e+06   6.6766e+06   1.5598e+05
  2.1309e+00   2.1488e+00   7.6344e-01   5.8424e-02   6.3858e-03   1.0394e+07   9.8304e+06   9.8248e+06   2.2852e+05
  2.5959e+00   2.6178e+00   9.6083e-01   4.7794e-02   4.5987e-03   1.5184e+07   1.4434e+07   1.4464e+07   3.3427e+05
  3.1623e+00   3.1899e+00   1.1585e+00   4.2081e-02   4.2264e-03   2.2102e+07   2.1217e+07   2.1213e+07   4.8744e+05
  3.8522e+00   3.8852e+00   1.3557e+00   2.9459e-02   4.3045e-03   3.2169e+07   3.1199e+07   3.1225e+07   7.1037e+05
  4.6928e+00   4.7336e+00   1.5532e+00   2.7273e-02   4.0064e-03   4.7083e+07   4.5816e+07   4.5825e+07   1.0402e+06
  5.7167e+00   5.7669e+00   1.7507e+00   2.2469e-02   3.7150e-03   6.8789e+07   6.7259e+07   6.7268e+07   1.5200e+06
  6.9640e+00   7.0260e+00   1.9481e+00   1.7516e-02   3.8620e-03   1.0027e+08   9.8307e+07   9.8426e+07   2.2176e+06
  8.4834e+00   8.5589e+00   2.1455e+00   1.5149e-02   3.1248e-03   1.4667e+08   1.4450e+08   1.4449e+08   3.2462e+06
  1.0334e+01   1.0427e+01   2.3430e+00   1.3368e-02   2.8991e-03   2.1431e+08   2.1147e+08   2.1148e+08   4.7440e+06
  1.2589e+01   1.2705e+01   2.5405e+00   1.1524e-02   3.7935e-03   3.1379e+08   3.0976e+08   3.0999e+08   6.9463e+06
  1.5336e+01   1.5478e+01   2.7380e+00   7.7216e-03   3.3126e-03   4.5738e+08   4.5140e+08   4.5265e+08   1.0128e+07
  1.8682e+01   1.8856e+01   2.9354e+00   6.6949e-03   2.5745e-03   6.6608e+08   6.5870e+08   6.6019e+08   1.4750e+07
  2.2758e+01   2.2972e+01   3.1328e+00   8.9320e-03   3.3386e-03   9.6772e+08   9.5567e+08   9.5743e+08   2.1421e+07
  2.7724e+01   2.7983e+01   3.3302e+00   4.5538e-03   3.1084e-03   1.3996e+09   1.3821e+09   1.3877e+09   3.0986e+07
  3.3773e+01   3.4088e+01   3.5275e+00   5.8815e-03   3.2059e-03   2.0164e+09   1.9896e+09   1.9971e+09   4.4637e+07
  4.1142e+01   4.1527e+01   3.7249e+00   4.5433e-03   3.4076e-03   2.8733e+09   2.8290e+09   2.8447e+09   6.3616e+07
  5.0119e+01   5.0573e+01   3.9220e+00   4.1806e-03   2.8036e-03   4.0257e+09   3.9560e+09   3.9826e+09   8.9130e+07
  6.1054e+01   6.1585e+01   4.1190e+00   3.0743e-03   2.4348e-03   5.5543e+09   5.4426e+09   5.4901e+09   1.2295e+08
  7.4375e+01   7.5005e+01   4.3161e+00   2.4683e-03   1.8386e-03   7.5027e+09   7.3780e+09   7.4312e+09   1.6612e+08
  9.0603e+01   9.1306e+01   4.5128e+00  -7.5171e-04   1.7286e-03   9.7240e+09   9.6163e+09   9.6738e+09   2.1531e+08
