## {'tot': 73227903.29617198, 'coords': 'spherical', 'metric': 'Euclidean', 'sep_units': 'arcmin', 'bin_type': 'Log'}
#   r_nom       meanr       meanlogr        xi        sigma_xi        DD           RR           DR         npairs   
  1.1037e-01   1.1037e-01  -2.2039e+00  -9.5214e-01   3.2553e-02   0.0000e+00   9.9176e+00   9.6803e+00   0.0000e+00
  1.3445e-01   1.3445e-01  -2.0065e+00  -1.0019e+00   2.3880e-02   0.0000e+00   1.4493e+01   1.4507e+01   0.0000e+00
  1.6379e-01   1.5418e-01  -1.8696e+00   4.2546e-01   1.4736e+00   3.1223e+01   2.1379e+01   2.1753e+01   1.0000e+00
  1.9953e-01   2.0231e-01  -1.5990e+00   9.5594e-01   1.3088e+00   6.0167e+01   3.1513e+01   3.0778e+01   2.0000e+00
  2.4306e-01   2.3204e-01  -1.4619e+00   1.0205e+00   1.1703e+00   9.3526e+01   4.6417e+01   4.6287e+01   3.0000e+00
  2.9609e-01   3.0566e-01  -1.1865e+00   8.1067e-01   9.9185e-01   1.2237e+02   6.8269e+01   6.7649e+01   3.0000e+00
  3.6070e-01   3.5880e-01  -1.0253e+00  -7.2242e-02   5.1736e-01   9.4629e+01   1.0043e+02   1.0116e+02   3.0000e+00
  4.3940e-01   4.4320e-01  -8.1627e-01   1.0602e+00   6.5680e-01   3.0196e+02   1.4780e+02   1.4653e+02   9.0000e+00
  5.3527e-01   5.3777e-01  -6.2178e-01   1.5145e+00   7.4100e-01   5.4707e+02   2.1792e+02   2.1748e+02   1.8000e+01
  6.5206e-01   6.3252e-01  -4.5943e-01   6.0769e-01   4.1796e-01   5.1655e+02   3.2147e+02   3.2133e+02   1.5000e+01
  7.9433e-01   7.9133e-01  -2.3524e-01   3.7151e-01   3.1265e-01   6.4949e+02   4.7423e+02   4.7377e+02   2.1000e+01
  9.6764e-01   9.9270e-01  -8.5643e-03   1.2442e+00   2.8503e-01   1.5747e+03   6.9984e+02   7.0188e+02   4.8000e+01
  1.1788e+00   1.1928e+00   1.7453e-01   3.5727e-01   2.8851e-01   1.3976e+03   1.0325e+03   1.0306e+03   4.0000e+01
  1.4360e+00   1.4629e+00   3.7897e-01   5.0267e-01   2.1203e-01   2.2925e+03   1.5210e+03   1.5245e+03   7.3000e+01
  1.7493e+00   1.7801e+00   5.7505e-01   4.3373e-01   2.0514e-01   3.2220e+03   2.2408e+03   2.2455e+03   1.0100e+02
  2.1309e+00   2.1579e+00   7.6757e-01   5.1281e-01   1.5343e-01   4.9954e+03   3.3021e+03   3.3021e+03   1.5300e+02
  2.5959e+00   2.6268e+00   9.6428e-01   1.2842e-01   8.6986e-02   5.5657e+03   4.8484e+03   4.8958e+03   1.7500e+02
  3.1623e+00   3.1855e+00   1.1572e+00   3.1782e-01   1.1896e-01   9.4556e+03   7.1270e+03   7.1588e+03   3.0100e+02
  3.8522e+00   3.8866e+00   1.3560e+00   2.5939e-01   8.5166e-02   1.3278e+04   1.0480e+04   1.0520e+04   4.1200e+02
  4.6928e+00   4.7511e+00   1.5569e+00   1.4763e-01   6.4949e-02   1.7778e+04   1.5390e+04   1.5448e+04   5.4700e+02
  5.7167e+00   5.7516e+00   1.7480e+00   2.1465e-01   9.2408e-02   2.7674e+04   2.2593e+04   2.2709e+04   8.5700e+02
  6.9640e+00   7.0189e+00   1.9471e+00   1.2824e-01   5.2466e-02   3.7614e+04   3.3022e+04   3.3201e+04   1.1840e+03
  8.4834e+00   8.5541e+00   2.1449e+00   1.5872e-01   5.3409e-02   5.7170e+04   4.8538e+04   4.9002e+04   1.7750e+03
  1.0334e+01   1.0419e+01   2.3421e+00   1.1576e-01   4.0171e-02   8.0888e+04   7.1033e+04   7.1849e+04   2.5300e+03
  1.2589e+01   1.2669e+01   2.5376e+00   9.3971e-02   4.0767e-02   1.1637e+05   1.0405e+05   1.0532e+05   3.6590e+03
  1.5336e+01   1.5442e+01   2.7356e+00   8.2895e-02   3.8976e-02   1.6858e+05   1.5163e+05   1.5382e+05   5.3230e+03
  1.8682e+01   1.8847e+01   2.9349e+00   7.8140e-02   4.0822e-02   2.4530e+05   2.2126e+05   2.2463e+05   7.6890e+03
  2.2758e+01   2.2929e+01   3.1309e+00   7.9148e-02   3.0323e-02   3.5613e+05   3.2101e+05   3.2587e+05   1.1262e+04
  2.7724e+01   2.7958e+01   3.3292e+00   6.3971e-02   2.8957e-02   5.0838e+05   4.6424e+05   4.7146e+05   1.5992e+04
  3.3773e+01   3.4017e+01   3.5254e+00   5.9082e-02   3.3473e-02   7.2994e+05   6.6830e+05   6.7938e+05   2.2929e+04
  4.1142e+01   4.1471e+01   3.7235e+00   2.7443e-02   2.5216e-02   1.0067e+06   9.5026e+05   9.6542e+05   3.1680e+04
  5.0119e+01   5.0538e+01   3.9213e+00   2.6119e-02   2.3007e-02   1.4095e+06   1.3288e+06   1.3518e+06   4.4323e+04
  6.1054e+01   6.1542e+01   4.1183e+00   1.1662e-02   1.7113e-02   1.9255e+06   1.8282e+06   1.8662e+06   6.0679e+04
  7.4375e+01   7.4967e+01   4.3156e+00   2.1255e-02   1.6707e-02   2.6212e+06   2.4783e+06   2.5234e+06   8.2570e+04
  9.0603e+01   9.1314e+01   4.5129e+00   8.1628e-03   1.5898e-02   3.3489e+06   3.2301e+06   3.2763e+06   1.0559e+05
