## {'tot': 1132342431297.3936, 'coords': 'spherical', 'metric': 'Euclidean', 'sep_units': 'arcmin', 'bin_type': 'Log'}
#   r_nom       meanr       meanlogr        xi        sigma_xi        DD           RR           DR         npairs   
  1.1037e-01   1.1124e-01  -2.1977e+00   3.4518e-01   2.3318e-02   2.0465e+05   1.5336e+05   1.5253e+05   4.1470e+03
  1.3445e-01   1.3547e-01  -2.0005e+00   2.6961e-01   1.9423e-02   2.8396e+05   2.2411e+05   2.2382e+05   5.8130e+03
  1.6379e-01   1.6513e-01  -1.8027e+00   2.5195e-01   1.1376e-02   4.1287e+05   3.3058e+05   3.3008e+05   8.4630e+03
  1.9953e-01   2.0101e-01  -1.6060e+00   2.1128e-01   1.2974e-02   5.8909e+05   4.8730e+05   4.8672e+05   1.2132e+04
  2.4306e-01   2.4503e-01  -1.4080e+00   1.9069e-01   1.2170e-02   8.5240e+05   7.1776e+05   7.1664e+05   1.7504e+04
  2.9609e-01   2.9825e-01  -1.2114e+00   1.4422e-01   8.2059e-03   1.2082e+06   1.0557e+06   1.0558e+06   2.4868e+04
  3.6070e-01   3.6344e-01  -1.0137e+00   1.3675e-01   6.7207e-03   1.7602e+06   1.5529e+06   1.5504e+06   3.6233e+04
  4.3940e-01   4.4295e-01  -8.1587e-01   1.0842e-01   6.7402e-03   2.5364e+06   2.2855e+06   2.2870e+06   5.2388e+04
  5.3527e-01   5.3943e-01  -6.1879e-01   1.0076e-01   6.4836e-03   3.7048e+06   3.3697e+06   3.3675e+06   7.6642e+04
  6.5206e-01   6.5728e-01  -4.2118e-01   7.9645e-02   4.8588e-03   5.3745e+06   4.9710e+06   4.9748e+06   1.1133e+05
  7.9433e-01   8.0083e-01  -2.2362e-01   7.3103e-02   4.4211e-03   7.8772e+06   7.3331e+06   7.3371e+06   1.6328e+05
  9.6764e-01   9.7567e-01  -2.6137e-02   5.4875e-02   3.4943e-03   1.1450e+07   1.0822e+07   1.0839e+07   2.3739e+05
  1.1788e+00   1.1883e+00   1.7104e-01   4.8517e-02   2.7627e-03   1.6760e+07   1.5965e+07   1.5975e+07   3.4822e+05
  1.4360e+00   1.4480e+00   3.6872e-01   4.3783e-02   2.7073e-03   2.4569e+07   2.3520e+07   2.3530e+07   5.1055e+05
  1.7493e+00   1.7643e+00   5.6627e-01   3.5133e-02   2.9149e-03   3.5921e+07   3.4650e+07   3.4677e+07   7.4743e+05
  2.1309e+00   2.1489e+00   7.6348e-01   3.1875e-02   2.6135e-03   5.2662e+07   5.1060e+07   5.1048e+07   1.0961e+06
  2.5959e+00   2.6183e+00   9.6104e-01   2.5368e-02   2.1094e-03   7.7129e+07   7.4972e+07   7.5100e+07   1.6058e+06
  3.1623e+00   3.1897e+00   1.1584e+00   2.4442e-02   1.5041e-03   1.1277e+08   1.1021e+08   1.1014e+08   2.3493e+06
  3.8522e+00   3.8864e+00   1.3560e+00   1.9337e-02   1.8505e-03   1.6516e+08   1.6205e+08   1.6204e+08   3.4418e+06
  4.6928e+00   4.7342e+00   1.5534e+00   1.7173e-02   1.5980e-03   2.4176e+08   2.3798e+08   2.3782e+08   5.0405e+06
  5.7167e+00   5.7684e+00   1.7509e+00   1.3538e-02   1.4696e-03   3.5349e+08   3.4935e+08   3.4906e+08   7.3746e+06
  6.9640e+00   7.0270e+00   1.9483e+00   1.0002e-02   1.6358e-03   5.1662e+08   5.1062e+08   5.1107e+08   1.0780e+07
  8.4834e+00   8.5613e+00   2.1458e+00   1.0662e-02   1.5110e-03   7.5687e+08   7.5056e+08   7.4971e+08   1.5791e+07
  1.0334e+01   1.0431e+01   2.3433e+00   9.9261e-03   1.3892e-03   1.1074e+09   1.0984e+09   1.0975e+09   2.3112e+07
  1.2589e+01   1.2707e+01   2.5407e+00   7.7398e-03   1.5615e-03   1.6190e+09   1.6089e+09   1.6077e+09   3.3785e+07
  1.5336e+01   1.5481e+01   2.7382e+00   6.8846e-03   1.6579e-03   2.3646e+09   2.3446e+09   2.3466e+09   4.9352e+07
  1.8682e+01   1.8861e+01   2.9357e+00   4.6032e-03   1.3213e-03   3.4437e+09   3.4214e+09   3.4247e+09   7.1899e+07
  2.2758e+01   2.2976e+01   3.1330e+00   5.4652e-03   1.7887e-03   4.9949e+09   4.9639e+09   4.9658e+09   1.0429e+08
  2.7724e+01   2.7989e+01   3.3304e+00   3.7678e-03   1.5254e-03   7.2350e+09   7.1787e+09   7.1933e+09   1.5107e+08
  3.3773e+01   3.4095e+01   3.5277e+00   3.4946e-03   1.6099e-03   1.0420e+10   1.0334e+10   1.0359e+10   2.1756e+08
  4.1142e+01   4.1529e+01   3.7250e+00   3.0596e-03   1.4651e-03   1.4855e+10   1.4694e+10   1.4752e+10   3.1015e+08
  5.0119e+01   5.0575e+01   3.9220e+00   6.0281e-04   1.9944e-03   2.0795e+10   2.0548e+10   2.0665e+10   4.3424e+08
  6.1054e+01   6.1586e+01   4.1190e+00   3.2591e-03   1.6649e-03   2.8669e+10   2.8270e+10   2.8423e+10   5.9874e+08
  7.4375e+01   7.5003e+01   4.3161e+00   7.2676e-04   1.1099e-03   3.8812e+10   3.8322e+10   3.8553e+10   8.1046e+08
  9.0603e+01   9.1318e+01   4.5129e+00   1.2094e-06   1.4519e-03   5.0483e+10   4.9948e+10   5.0216e+10   1.0542e+09
