## {'tot': 201673018322.8685, 'coords': 'spherical', 'metric': 'Euclidean', 'sep_units': 'arcmin', 'bin_type': 'Log'}
#   r_nom       meanr       meanlogr        xi        sigma_xi        DD           RR           DR         npairs   
  1.4125e-01   1.5403e-01  -1.8882e+00   3.9900e-01   1.9452e-02   2.4206e+05   1.7428e+05   1.7340e+05   4.7740e+03
  2.8184e-01   3.0642e-01  -1.2000e+00   2.3575e-01   9.7038e-03   8.3642e+05   6.7778e+05   6.7720e+05   1.6730e+04
  5.6234e-01   6.1443e-01  -5.0349e-01   1.3419e-01   6.1928e-03   2.9991e+06   2.6395e+06   2.6422e+06   6.0433e+04
  1.1220e+00   1.2277e+00   1.8917e-01   7.9318e-02   5.7488e-03   1.1139e+07   1.0305e+07   1.0313e+07   2.2600e+05
  2.2387e+00   2.4535e+00   8.8157e-01   4.6393e-02   4.3440e-03   4.1900e+07   4.0056e+07   4.0049e+07   8.5315e+05
  4.4668e+00   4.8989e+00   1.5731e+00   2.5892e-02   4.0710e-03   1.5851e+08   1.5496e+08   1.5473e+08   3.2347e+06
  8.9125e+00   9.7796e+00   2.2643e+00   1.6940e-02   3.5004e-03   6.0343e+08   5.9569e+08   5.9451e+08   1.2324e+07
  1.7783e+01   1.9489e+01   2.9537e+00   1.1967e-02   3.2620e-03   2.2800e+09   2.2621e+09   2.2575e+09   4.6587e+07
  3.5481e+01   3.8754e+01   3.6409e+00   5.8070e-03   2.6658e-03   8.2000e+09   8.2382e+09   8.1952e+09   1.6772e+08
  7.0795e+01   7.6803e+01   4.3241e+00   1.0770e-03   1.8965e-03   2.6342e+10   2.6899e+10   2.6606e+10   5.3933e+08
