## {'tot': 101214079.53320065, 'coords': 'spherical', 'metric': 'Euclidean', 'sep_units': 'arcmin', 'bin_type': 'Log'}
#   r_nom       meanr       meanlogr        xi        sigma_xi        DD           RR           DR         npairs   
  1.4125e-01   1.5024e-01  -1.9213e+00   7.9749e-01   9.3593e-01   1.5781e+02   8.7466e+01   8.7764e+01   4.0000e+00
  2.8184e-01   3.1239e-01  -1.1778e+00   1.9595e+00   4.1233e-01   1.0071e+03   3.4016e+02   3.4037e+02   2.6000e+01
  5.6234e-01   6.1580e-01  -5.0099e-01   8.7773e-01   2.1638e-01   2.4789e+03   1.3247e+03   1.3204e+03   6.9000e+01
  1.1220e+00   1.2171e+00   1.7687e-01   4.7747e-01   1.0864e-01   7.6431e+03   5.1716e+03   5.1727e+03   2.1700e+02
  2.2387e+00   2.4600e+00   8.8406e-01   2.5833e-01   8.6777e-02   2.5358e+04   2.0103e+04   2.0134e+04   7.1600e+02
  4.4668e+00   4.8514e+00   1.5634e+00   1.7525e-01   3.9187e-02   9.1656e+04   7.7772e+04   7.7899e+04   2.6350e+03
  8.9125e+00   9.7342e+00   2.2597e+00   6.6491e-02   2.0972e-02   3.1941e+05   2.9896e+05   2.9925e+05   9.1920e+03
  1.7783e+01   1.9445e+01   2.9515e+00   1.5981e-02   1.4143e-02   1.1399e+06   1.1353e+06   1.1285e+06   3.3044e+04
  3.5481e+01   3.8755e+01   3.6413e+00   2.1677e-02   9.8888e-03   4.1650e+06   4.1345e+06   4.1049e+06   1.2082e+05
  7.0795e+01   7.6703e+01   4.3228e+00   2.3075e-03   4.1812e-03   1.3124e+07   1.3500e+07   1.3296e+07   3.8082e+05
