## {'tot': 3687221998959.504, 'coords': 'spherical', 'metric': 'Euclidean', 'sep_units': 'arcmin', 'bin_type': 'Log'}
#   r_nom       meanr       meanlogr        xi        sigma_xi        DD           RR           DR         npairs   
  1.4125e-01   1.5431e-01  -1.8858e+00   1.4812e-01   2.9763e-03   3.6373e+06   3.1864e+06   3.1759e+06   8.7045e+04
  2.8184e-01   3.0828e-01  -1.1930e+00   8.1657e-02   2.4026e-03   1.3425e+07   1.2392e+07   1.2403e+07   3.2180e+05
  5.6234e-01   6.1592e-01  -5.0043e-01   4.9888e-02   2.1196e-03   5.0845e+07   4.8258e+07   4.8348e+07   1.2201e+06
  1.1220e+00   1.2306e+00   1.9173e-01   2.9919e-02   1.5047e-03   1.9506e+08   1.8840e+08   1.8891e+08   4.6814e+06
  2.2387e+00   2.4566e+00   8.8292e-01   1.8609e-02   1.4226e-03   7.4975e+08   7.3235e+08   7.3423e+08   1.7983e+07
  4.4668e+00   4.9029e+00   1.5739e+00   1.3347e-02   1.2966e-03   2.8828e+09   2.8332e+09   2.8391e+09   6.9054e+07
  8.9125e+00   9.7834e+00   2.2646e+00   9.3481e-03   1.2855e-03   1.1061e+10   1.0891e+10   1.0925e+10   2.6454e+08
  1.7783e+01   1.9501e+01   2.9543e+00   5.2328e-03   1.0654e-03   4.2003e+10   4.1357e+10   4.1572e+10   1.0029e+09
  3.5481e+01   3.8802e+01   3.6421e+00   2.6689e-03   1.0487e-03   1.5295e+11   1.5062e+11   1.5158e+11   3.6414e+09
  7.0795e+01   7.6854e+01   4.3248e+00   8.7467e-04   9.1227e-04   4.9879e+11   4.9181e+11   4.9508e+11   1.1847e+10
