## {'tot': 1069519872541.1782, 'coords': 'spherical', 'metric': 'Euclidean', 'sep_units': 'arcmin', 'bin_type': 'Log'}
#   r_nom       meanr       meanlogr        xi        sigma_xi        DD           RR           DR         npairs   
  1.4125e-01   1.5414e-01  -1.8873e+00   2.5163e-01   8.1748e-03   1.1482e+06   9.2425e+05   9.1994e+05   2.2166e+04
  2.8184e-01   3.0787e-01  -1.1948e+00   1.3080e-01   5.6408e-03   4.0668e+06   3.5944e+06   3.5956e+06   7.8941e+04
  5.6234e-01   6.1541e-01  -5.0144e-01   8.2902e-02   4.0693e-03   1.5179e+07   1.3998e+07   1.4008e+07   2.9547e+05
  1.1220e+00   1.2293e+00   1.9062e-01   4.8543e-02   3.3547e-03   5.7395e+07   5.4648e+07   5.4695e+07   1.1206e+06
  2.2387e+00   2.4555e+00   8.8246e-01   2.7563e-02   3.0106e-03   2.1879e+08   2.1242e+08   2.1268e+08   4.2789e+06
  4.4668e+00   4.9008e+00   1.5735e+00   1.8548e-02   2.7155e-03   8.3743e+08   8.2181e+08   8.2200e+08   1.6380e+07
  8.9125e+00   9.7821e+00   2.2645e+00   1.1739e-02   2.5238e-03   3.1977e+09   3.1591e+09   3.1599e+09   6.2540e+07
  1.7783e+01   1.9491e+01   2.9538e+00   7.2346e-03   2.3359e-03   1.2095e+10   1.1996e+10   1.2002e+10   2.3652e+08
  3.5481e+01   3.8780e+01   3.6416e+00   3.4018e-03   2.2402e-03   4.3773e+10   4.3689e+10   4.3657e+10   8.5565e+08
  7.0795e+01   7.6838e+01   4.3246e+00   1.1997e-03   1.4278e-03   1.4183e+11   1.4265e+11   1.4216e+11   2.7715e+09
