## {'tot': 3825584841.7195563, 'coords': 'spherical', 'metric': 'Euclidean', 'sep_units': 'arcmin', 'bin_type': 'Log'}
#   r_nom       meanr       meanlogr        xi        sigma_xi        DD           RR           DR         npairs   
  1.4125e-01   1.5331e-01  -1.8918e+00   1.1696e+00   1.7702e-01   7.1321e+03   3.3060e+03   3.2857e+03   1.7100e+02
  2.8184e-01   3.0731e-01  -1.1970e+00   7.1159e-01   1.0205e-01   2.1914e+04   1.2857e+04   1.2811e+04   5.3000e+02
  5.6234e-01   6.1098e-01  -5.1042e-01   4.0167e-01   3.8413e-02   6.9942e+04   5.0069e+04   4.9950e+04   1.7200e+03
  1.1220e+00   1.2257e+00   1.8663e-01   2.4571e-01   2.2750e-02   2.4258e+05   1.9547e+05   1.9501e+05   6.0200e+03
  2.2387e+00   2.4413e+00   8.7650e-01   1.2002e-01   1.5808e-02   8.4740e+05   7.5983e+05   7.5802e+05   2.1128e+04
  4.4668e+00   4.8898e+00   1.5712e+00   7.8598e-02   1.2344e-02   3.1447e+06   2.9395e+06   2.9266e+06   7.9125e+04
  8.9125e+00   9.7652e+00   2.2629e+00   3.5416e-02   9.0352e-03   1.1562e+07   1.1300e+07   1.1231e+07   2.9235e+05
  1.7783e+01   1.9468e+01   2.9528e+00   1.9511e-02   5.3222e-03   4.2958e+07   4.2909e+07   4.2515e+07   1.0861e+06
  3.5481e+01   3.8740e+01   3.6407e+00   7.9895e-03   4.9153e-03   1.5348e+08   1.5627e+08   1.5425e+08   3.8836e+06
  7.0795e+01   7.6843e+01   4.3247e+00   3.8049e-03   3.2975e-03   4.9353e+08   5.1026e+08   5.0093e+08   1.2499e+07
