## {'tot': 32877905473.436916, 'coords': 'spherical', 'metric': 'Euclidean', 'sep_units': 'arcmin', 'bin_type': 'Log'}
#   r_nom       meanr       meanlogr        xi        sigma_xi        DD           RR           DR         npairs   
  1.4125e-01   1.5536e-01  -1.8792e+00   7.8979e-01   5.6218e-02   5.0479e+04   2.8412e+04   2.8226e+04   1.0680e+03
  2.8184e-01   3.0623e-01  -1.2010e+00   3.9106e-01   3.3553e-02   1.5334e+05   1.1050e+05   1.1031e+05   3.3170e+03
  5.6234e-01   6.1437e-01  -5.0411e-01   2.4289e-01   1.5824e-02   5.3541e+05   4.3030e+05   4.3060e+05   1.1644e+04
  1.1220e+00   1.2251e+00   1.8668e-01   1.5712e-01   9.6574e-03   1.9495e+06   1.6799e+06   1.6827e+06   4.3011e+04
  2.2387e+00   2.4490e+00   8.7970e-01   8.4596e-02   7.4891e-03   7.0965e+06   6.5301e+06   6.5371e+06   1.5814e+05
  4.4668e+00   4.8925e+00   1.5718e+00   4.5417e-02   5.3250e-03   2.6369e+07   2.5263e+07   2.5242e+07   5.9084e+05
  8.9125e+00   9.7704e+00   2.2634e+00   2.0645e-02   4.0101e-03   9.8614e+07   9.7112e+07   9.6861e+07   2.2138e+06
  1.7783e+01   1.9478e+01   2.9532e+00   1.2473e-02   3.3129e-03   3.7004e+08   3.6877e+08   3.6711e+08   8.3158e+06
  3.5481e+01   3.8751e+01   3.6409e+00   6.2307e-03   2.2476e-03   1.3293e+09   1.3430e+09   1.3320e+09   2.9894e+07
  7.0795e+01   7.6808e+01   4.3242e+00   1.7127e-04   1.7508e-03   4.2634e+09   4.3853e+09   4.3240e+09   9.5894e+07
