## {'tot': 242208.028209687, 'coords': 'spherical', 'metric': 'Euclidean', 'sep_units': 'arcmin', 'bin_type': 'Log'}
#   r_nom       meanr       meanlogr        xi        sigma_xi        DD           RR           DR         npairs   
  1.1037e-01   1.1037e-01  -2.2039e+00  -9.8015e-01   1.9645e-01   0.0000e+00   2.9135e-02   2.8845e-02   0.0000e+00
  1.3445e-01   1.3445e-01  -2.0065e+00  -1.0013e+00   1.3801e-01   0.0000e+00   4.2397e-02   4.2425e-02   0.0000e+00
  1.6379e-01   1.6379e-01  -1.8092e+00  -1.0238e+00   1.1511e-01   0.0000e+00   6.2367e-02   6.3110e-02   0.0000e+00
  1.9953e-01   1.9953e-01  -1.6118e+00  -9.9293e-01   9.6241e-02   0.0000e+00   9.1611e-02   9.1287e-02   0.0000e+00
  2.4306e-01   2.4306e-01  -1.4144e+00  -1.1020e+00   7.4423e-02   0.0000e+00   1.3425e-01   1.4110e-01   0.0000e+00
  2.9609e-01   2.9609e-01  -1.2171e+00  -9.0062e-01   7.1129e-02   0.0000e+00   1.9644e-01   1.8668e-01   0.0000e+00
  3.6070e-01   3.6070e-01  -1.0197e+00  -1.0736e+00   7.8988e-02   0.0000e+00   2.8722e-01   2.9780e-01   0.0000e+00
  4.3940e-01   4.3940e-01  -8.2235e-01  -9.6557e-01   5.4251e-02   0.0000e+00   4.2051e-01   4.1327e-01   0.0000e+00
  5.3527e-01   5.3527e-01  -6.2499e-01  -9.4611e-01   4.5311e-02   0.0000e+00   6.1746e-01   6.0082e-01   0.0000e+00
  6.5206e-01   6.5206e-01  -4.2762e-01  -9.7472e-01   3.3754e-02   0.0000e+00   9.0816e-01   8.9668e-01   0.0000e+00
  7.9433e-01   7.9433e-01  -2.3026e-01  -1.0409e+00   3.2295e-02   0.0000e+00   1.3367e+00   1.3641e+00   0.0000e+00
  9.6764e-01   9.6764e-01  -3.2894e-02  -1.0275e+00   3.7368e-02   0.0000e+00   1.9676e+00   1.9946e+00   0.0000e+00
  1.1788e+00   1.1788e+00   1.6447e-01  -1.0580e+00   3.0349e-02   0.0000e+00   2.8973e+00   2.9813e+00   0.0000e+00
  1.4360e+00   1.4360e+00   3.6183e-01  -1.0660e+00   3.1596e-02   0.0000e+00   4.2645e+00   4.4052e+00   0.0000e+00
  1.7493e+00   1.7493e+00   5.5920e-01  -1.0374e+00   3.2984e-02   0.0000e+00   6.2671e+00   6.3844e+00   0.0000e+00
  2.1309e+00   2.1309e+00   7.5656e-01  -1.0162e+00   2.8517e-02   0.0000e+00   9.2193e+00   9.2940e+00   0.0000e+00
  2.5959e+00   2.4876e+00   9.1132e-01   1.3038e+00   2.3598e+00   3.1289e+01   1.3539e+01   1.3588e+01   1.0000e+00
  3.1623e+00   3.1623e+00   1.1513e+00  -9.8193e-01   3.6379e-02   0.0000e+00   1.9835e+01   1.9655e+01   0.0000e+00
  3.8522e+00   4.2221e+00   1.4403e+00  -8.2770e-03   9.4755e-01   2.7578e+01   2.9165e+01   2.8492e+01   1.0000e+00
  4.6928e+00   4.7140e+00   1.5505e+00  -2.1483e-01   7.5928e-01   3.2259e+01   4.2801e+01   4.2128e+01   1.0000e+00
  5.7167e+00   5.5625e+00   1.7141e+00   5.6524e-01   7.9519e-01   9.5761e+01   6.2796e+01   6.1531e+01   3.0000e+00
  6.9640e+00   7.1553e+00   1.9679e+00  -6.5943e-01   3.1924e-01   2.7179e+01   9.1730e+01   8.9699e+01   1.0000e+00
  8.4834e+00   8.7745e+00   2.1717e+00  -1.5425e-01   3.7867e-01   1.1111e+02   1.3457e+02   1.3322e+02   4.0000e+00
  1.0334e+01   1.0036e+01   2.3045e+00  -3.1417e-01   3.8338e-01   1.3170e+02   1.9741e+02   1.9557e+02   4.0000e+00
  1.2589e+01   1.2393e+01   2.5159e+00  -1.0865e-03   3.9322e-01   2.9379e+02   2.8882e+02   2.9146e+02   9.0000e+00
  1.5336e+01   1.5308e+01   2.7266e+00   4.0989e-02   3.6478e-01   4.3458e+02   4.2059e+02   4.1897e+02   1.3000e+01
  1.8682e+01   1.9006e+01   2.9435e+00   3.2615e-01   4.4511e-01   8.0540e+02   6.1517e+02   6.0997e+02   2.5000e+01
  2.2758e+01   2.2816e+01   3.1261e+00   4.4668e-01   2.1417e-01   1.2849e+03   8.9571e+02   8.9026e+02   3.7000e+01
  2.7724e+01   2.7819e+01   3.3246e+00  -3.3352e-02   1.6809e-01   1.2370e+03   1.2979e+03   1.2891e+03   3.7000e+01
  3.3773e+01   3.3401e+01   3.5069e+00   1.0096e-01   1.7674e-01   2.0094e+03   1.8679e+03   1.8444e+03   5.9000e+01
  4.1142e+01   4.1298e+01   3.7193e+00  -1.4608e-03   1.4057e-01   2.5748e+03   2.6925e+03   2.6357e+03   7.5000e+01
  5.0119e+01   5.0509e+01   3.9207e+00   6.5022e-02   1.3960e-01   3.9970e+03   3.8100e+03   3.7796e+03   1.1800e+02
  6.1054e+01   6.1631e+01   4.1193e+00  -1.0302e-01   8.8128e-02   4.6099e+03   5.3505e+03   5.2558e+03   1.3300e+02
  7.4375e+01   7.4725e+01   4.3122e+00  -6.1387e-02   1.0613e-01   6.9620e+03   7.4143e+03   7.4157e+03   2.0600e+02
  9.0603e+01   9.1374e+01   4.5134e+00  -1.2554e-03   5.5808e-02   1.0024e+04   1.0107e+04   1.0072e+04   2.9300e+02
