## {'tot': 674215.9716420086, 'coords': 'spherical', 'metric': 'Euclidean', 'sep_units': 'arcmin', 'bin_type': 'Log'}
#   r_nom       meanr       meanlogr        xi        sigma_xi        DD           RR           DR         npairs   
  1.1037e-01   1.1037e-01  -2.2039e+00  -1.0051e+00   1.1070e-01   0.0000e+00   2.1751e-01   2.1807e-01   0.0000e+00
  1.3445e-01   1.3445e-01  -2.0065e+00  -1.0154e+00   1.1740e-01   0.0000e+00   3.1815e-01   3.2061e-01   0.0000e+00
  1.6379e-01   1.6379e-01  -1.8092e+00  -1.1078e+00   8.4959e-02   0.0000e+00   4.7004e-01   4.9538e-01   0.0000e+00
  1.9953e-01   1.9953e-01  -1.6118e+00  -1.0070e+00   1.0088e-01   0.0000e+00   6.9434e-01   6.9677e-01   0.0000e+00
  2.4306e-01   2.4306e-01  -1.4144e+00  -1.0823e+00   7.9963e-02   0.0000e+00   1.0247e+00   1.0668e+00   0.0000e+00
  2.9609e-01   2.9465e-01  -1.2240e+00   8.0582e+01   5.1435e+01   1.2315e+02   1.5108e+00   1.4596e+00   3.0000e+00
  3.6070e-01   3.9434e-01  -9.3055e-01   2.1111e+01   2.2363e+01   4.9073e+01   2.2259e+00   2.1545e+00   1.0000e+00
  4.3940e-01   4.8487e-01  -7.2388e-01   1.0018e+01   1.1192e+01   3.6148e+01   3.2806e+00   3.2823e+00   1.0000e+00
  5.3527e-01   5.3527e-01  -6.2499e-01  -9.6413e-01   4.4379e-02   0.0000e+00   4.8395e+00   4.7527e+00   0.0000e+00
  6.5206e-01   6.0983e-01  -4.9458e-01   6.2200e+00   7.3032e+00   5.1347e+01   7.1411e+00   7.0356e+00   1.0000e+00
  7.9433e-01   7.7986e-01  -2.4952e-01   9.7422e+00   1.0889e+01   1.1287e+02   1.0543e+01   1.0351e+01   3.0000e+00
  9.6764e-01   8.8329e-01  -1.2410e-01   1.3929e+00   2.4200e+00   3.6733e+01   1.5567e+01   1.5308e+01   1.0000e+00
  1.1788e+00   1.1323e+00   1.2269e-01   7.4131e+00   8.5467e+00   1.9273e+02   2.2936e+01   2.2821e+01   4.0000e+00
  1.4360e+00   1.4629e+00   3.7962e-01   1.1091e+01   1.0219e+01   4.0742e+02   3.3772e+01   3.3313e+01   1.0000e+01
  1.7493e+00   1.7379e+00   5.5163e-01   8.1907e+00   9.3224e+00   4.5652e+02   4.9837e+01   4.9080e+01   1.1000e+01
  2.1309e+00   2.1002e+00   7.4050e-01   1.1973e+01   6.3825e+00   9.5012e+02   7.3266e+01   7.3081e+01   2.0000e+01
  2.5959e+00   2.6458e+00   9.7091e-01   3.3869e+00   4.1856e+00   4.7126e+02   1.0767e+02   1.0714e+02   1.1000e+01
  3.1623e+00   3.2341e+00   1.1732e+00   1.8916e+00   2.2389e+00   4.5621e+02   1.5842e+02   1.5748e+02   1.0000e+01
  3.8522e+00   3.9142e+00   1.3633e+00   1.1861e+00   5.8383e-01   5.0080e+02   2.3162e+02   2.2885e+02   1.1000e+01
  4.6928e+00   4.7594e+00   1.5583e+00   1.3527e+00   5.2228e-01   7.9068e+02   3.4131e+02   3.3516e+02   1.8000e+01
  5.7167e+00   5.7097e+00   1.7411e+00   7.5355e-01   6.7507e-01   8.8012e+02   4.9909e+02   5.0156e+02   1.8000e+01
  6.9640e+00   7.2081e+00   1.9741e+00   7.9186e-01   7.0751e-01   1.3209e+03   7.3114e+02   7.3654e+02   2.8000e+01
  8.4834e+00   8.5603e+00   2.1458e+00   5.8245e-01   8.3043e-01   1.6885e+03   1.0634e+03   1.0663e+03   3.5000e+01
  1.0334e+01   1.0412e+01   2.3409e+00  -1.9985e-01   2.8090e-01   1.2884e+03   1.5629e+03   1.5818e+03   2.9000e+01
  1.2589e+01   1.2727e+01   2.5422e+00   5.0909e-02   2.8689e-01   2.4802e+03   2.2744e+03   2.3194e+03   5.3000e+01
  1.5336e+01   1.5572e+01   2.7440e+00   2.8794e-01   2.6160e-01   4.4909e+03   3.3272e+03   3.4300e+03   9.5000e+01
  1.8682e+01   1.8741e+01   2.9291e+00   4.5160e-02   1.8372e-01   5.3934e+03   4.8046e+03   4.9905e+03   1.1700e+02
  2.2758e+01   2.2887e+01   3.1291e+00  -1.7308e-01   1.4790e-01   6.2894e+03   7.0275e+03   7.2666e+03   1.3300e+02
  2.7724e+01   2.7974e+01   3.3301e+00   1.0273e-01   1.1082e-01   1.1799e+04   1.0103e+04   1.0432e+04   2.5800e+02
  3.3773e+01   3.3858e+01   3.5206e+00  -8.8014e-02   9.8910e-02   1.4051e+04   1.4597e+04   1.4967e+04   3.0600e+02
  4.1142e+01   4.1755e+01   3.7302e+00  -1.3614e-01   1.6103e-01   1.9022e+04   2.0601e+04   2.1214e+04   4.0600e+02
  5.0119e+01   5.0237e+01   3.9151e+00  -1.1315e-01   6.6924e-02   2.5102e+04   2.8776e+04   2.8567e+04   5.3800e+02
  6.1054e+01   6.1395e+01   4.1158e+00  -8.0020e-02   9.2268e-02   3.5148e+04   3.8955e+04   3.8610e+04   7.5900e+02
  7.4375e+01   7.4536e+01   4.3097e+00  -8.7358e-02   6.8862e-02   4.6615e+04   5.1620e+04   5.1372e+04   9.9900e+02
  9.0603e+01   9.0853e+01   4.5077e+00  -5.3783e-03   7.8387e-02   6.2090e+04   6.5350e+04   6.3896e+04   1.3450e+03
