## {'tot': 690049953.9167395, 'coords': 'spherical', 'metric': 'Euclidean', 'sep_units': 'arcmin', 'bin_type': 'Log'}
#   r_nom       meanr       meanlogr        xi        sigma_xi        DD           RR           DR         npairs   
  1.1037e-01   1.0778e-01  -2.2295e+00   5.0554e-01   4.6242e-01   3.2577e+02   2.2262e+02   2.1792e+02   8.0000e+00
  1.3445e-01   1.3835e-01  -1.9792e+00   1.3546e+00   6.1687e-01   7.6013e+02   3.2562e+02   3.2234e+02   2.0000e+01
  1.6379e-01   1.6055e-01  -1.8310e+00   5.4666e-01   3.8802e-01   7.5213e+02   4.8108e+02   4.8511e+02   2.0000e+01
  1.9953e-01   2.0344e-01  -1.5940e+00   1.0650e+00   3.4899e-01   1.4581e+03   7.1065e+02   7.0597e+02   3.8000e+01
  2.4306e-01   2.4549e-01  -1.4064e+00   4.1774e-01   2.5078e-01   1.4493e+03   1.0487e+03   1.0300e+03   3.6000e+01
  2.9609e-01   3.0071e-01  -1.2030e+00   5.5826e-01   1.5334e-01   2.4224e+03   1.5463e+03   1.5527e+03   6.3000e+01
  3.6070e-01   3.6239e-01  -1.0166e+00   2.2892e-01   1.4950e-01   2.7962e+03   2.2782e+03   2.2764e+03   7.7000e+01
  4.3940e-01   4.4293e-01  -8.1615e-01   1.5499e-01   1.1732e-01   3.8303e+03   3.3576e+03   3.3338e+03   1.0500e+02
  5.3527e-01   5.3713e-01  -6.2307e-01   1.8455e-01   1.1542e-01   5.8657e+03   4.9531e+03   4.9523e+03   1.5900e+02
  6.5206e-01   6.5291e-01  -4.2779e-01   2.8566e-01   9.2606e-02   9.4720e+03   7.3088e+03   7.3465e+03   2.4900e+02
  7.9433e-01   8.0261e-01  -2.2157e-01   1.1464e-01   5.3995e-02   1.2051e+04   1.0791e+04   1.0802e+04   3.1800e+02
  9.6764e-01   9.7959e-01  -2.2185e-02   5.6361e-02   4.4528e-02   1.6861e+04   1.5933e+04   1.5948e+04   4.5000e+02
  1.1788e+00   1.1862e+00   1.6914e-01   1.0849e-01   4.9204e-02   2.6268e+04   2.3475e+04   2.3598e+04   6.8200e+02
  1.4360e+00   1.4482e+00   3.6875e-01   9.4431e-02   4.2842e-02   3.8522e+04   3.4565e+04   3.4911e+04   1.0020e+03
  1.7493e+00   1.7616e+00   5.6459e-01   1.2254e-01   3.9907e-02   5.7645e+04   5.1007e+04   5.1201e+04   1.4900e+03
  2.1309e+00   2.1468e+00   7.6243e-01   4.7205e-02   2.7274e-02   7.9259e+04   7.4987e+04   7.5353e+04   2.0580e+03
  2.5959e+00   2.6174e+00   9.6066e-01   5.4419e-02   2.4284e-02   1.1733e+05   1.1019e+05   1.1076e+05   3.0710e+03
  3.1623e+00   3.1974e+00   1.1608e+00   4.0830e-02   2.6714e-02   1.7006e+05   1.6214e+05   1.6279e+05   4.4410e+03
  3.8522e+00   3.8808e+00   1.3546e+00   3.3206e-02   1.6925e-02   2.4687e+05   2.3706e+05   2.3803e+05   6.4640e+03
  4.6928e+00   4.7294e+00   1.5523e+00   4.2823e-02   1.9197e-02   3.6528e+05   3.4933e+05   3.4982e+05   9.5750e+03
  5.7167e+00   5.7662e+00   1.7505e+00   3.5106e-02   1.5645e-02   5.3404e+05   5.1081e+05   5.1346e+05   1.3989e+04
  6.9640e+00   7.0245e+00   1.9479e+00   2.2694e-02   1.2218e-02   7.6965e+05   7.4831e+05   7.5049e+05   2.0103e+04
  8.4834e+00   8.5513e+00   2.1446e+00   2.8646e-02   1.1564e-02   1.1319e+06   1.0884e+06   1.0946e+06   2.9653e+04
  1.0334e+01   1.0424e+01   2.3426e+00   2.7022e-02   9.6694e-03   1.6603e+06   1.5996e+06   1.6083e+06   4.3488e+04
  1.2589e+01   1.2691e+01   2.5395e+00   7.1427e-03   8.7486e-03   2.3830e+06   2.3278e+06   2.3471e+06   6.2305e+04
  1.5336e+01   1.5469e+01   2.7374e+00   1.7321e-02   6.8366e-03   3.5005e+06   3.4053e+06   3.4234e+06   9.1637e+04
  1.8682e+01   1.8842e+01   2.9346e+00   1.1580e-02   6.9405e-03   5.0686e+06   4.9174e+06   4.9645e+06   1.3258e+05
  2.2758e+01   2.2970e+01   3.1327e+00   6.8942e-04   6.0074e-03   7.2973e+06   7.1925e+06   7.2424e+06   1.9116e+05
  2.7724e+01   2.7966e+01   3.3296e+00  -1.7070e-03   5.7346e-03   1.0531e+07   1.0340e+07   1.0444e+07   2.7577e+05
  3.3773e+01   3.4075e+01   3.5271e+00   6.9697e-03   5.4330e-03   1.5249e+07   1.4940e+07   1.5042e+07   3.9926e+05
  4.1142e+01   4.1497e+01   3.7242e+00  -4.9405e-03   4.1269e-03   2.1371e+07   2.1085e+07   2.1280e+07   5.6000e+05
  5.0119e+01   5.0534e+01   3.9212e+00   3.7318e-03   3.7112e-03   2.9953e+07   2.9452e+07   2.9648e+07   7.8457e+05
  6.1054e+01   6.1548e+01   4.1184e+00   1.4098e-03   3.7599e-03   4.0492e+07   3.9870e+07   4.0153e+07   1.0607e+06
  7.4375e+01   7.4963e+01   4.3156e+00  -2.9409e-03   4.9046e-03   5.3453e+07   5.2832e+07   5.3220e+07   1.3982e+06
  9.0603e+01   9.1175e+01   4.5113e+00  -2.7023e-03   3.5294e-03   6.6263e+07   6.6885e+07   6.6665e+07   1.7337e+06
