## {'tot': 24161654.350520488, 'coords': 'spherical', 'metric': 'Euclidean', 'sep_units': 'arcmin', 'bin_type': 'Log'}
#   r_nom       meanr       meanlogr        xi        sigma_xi        DD           RR           DR         npairs   
  1.1037e-01   1.1037e-01  -2.2039e+00  -9.7251e-01   4.2444e-02   0.0000e+00   7.7949e+00   7.6877e+00   0.0000e+00
  1.3445e-01   1.3445e-01  -2.0065e+00  -9.8177e-01   3.9490e-02   0.0000e+00   1.1402e+01   1.1298e+01   0.0000e+00
  1.6379e-01   1.6379e-01  -1.8092e+00  -1.0207e+00   3.3412e-02   0.0000e+00   1.6845e+01   1.7019e+01   0.0000e+00
  1.9953e-01   2.0950e-01  -1.5644e+00   2.1910e+00   1.7635e+00   7.8426e+01   2.4883e+01   2.4395e+01   3.0000e+00
  2.4306e-01   2.4306e-01  -1.4144e+00  -1.0130e+00   1.6548e-02   0.0000e+00   3.6720e+01   3.6958e+01   0.0000e+00
  2.9609e-01   2.9580e-01  -1.2187e+00   3.6961e-01   9.5780e-01   7.2919e+01   5.4142e+01   5.3525e+01   2.0000e+00
  3.6070e-01   3.5533e-01  -1.0367e+00   9.3269e-01   7.3408e-01   1.5414e+02   7.9768e+01   7.9756e+01   5.0000e+00
  4.3940e-01   4.4821e-01  -8.0418e-01   1.4995e+00   9.1818e-01   2.8979e+02   1.1757e+02   1.1553e+02   8.0000e+00
  5.3527e-01   5.3536e-01  -6.2683e-01   1.3857e+00   9.4558e-01   4.1113e+02   1.7343e+02   1.7212e+02   1.2000e+01
  6.5206e-01   6.3669e-01  -4.5352e-01  -1.1893e-01   4.0744e-01   2.2202e+02   2.5591e+02   2.5419e+02   7.0000e+00
  7.9433e-01   8.0383e-01  -2.1987e-01   9.9967e-01   5.0864e-01   7.5553e+02   3.7784e+02   3.7783e+02   2.4000e+01
  9.6764e-01   9.7143e-01  -3.1113e-02   4.9964e-01   3.0964e-01   8.2866e+02   5.5788e+02   5.5390e+02   2.4000e+01
  1.1788e+00   1.1781e+00   1.6230e-01   6.2980e-01   2.2668e-01   1.3362e+03   8.2196e+02   8.2022e+02   4.3000e+01
  1.4360e+00   1.4322e+00   3.5740e-01   4.5866e-01   2.1286e-01   1.7739e+03   1.2103e+03   1.2145e+03   5.3000e+01
  1.7493e+00   1.7557e+00   5.6129e-01   3.2491e-01   1.4330e-01   2.3557e+03   1.7860e+03   1.7807e+03   7.1000e+01
  2.1309e+00   2.1485e+00   7.6335e-01   5.1060e-01   1.6053e-01   3.9665e+03   2.6256e+03   2.6257e+03   1.2100e+02
  2.5959e+00   2.6245e+00   9.6332e-01   4.6600e-01   1.2935e-01   5.6957e+03   3.8584e+03   3.8780e+03   1.7400e+02
  3.1623e+00   3.1956e+00   1.1600e+00   1.7098e-01   1.1977e-01   6.6852e+03   5.6774e+03   5.6959e+03   2.0300e+02
  3.8522e+00   3.8766e+00   1.3533e+00   3.9843e-01   1.2159e-01   1.1716e+04   8.3005e+03   8.3545e+03   3.5900e+02
  4.6928e+00   4.7430e+00   1.5551e+00   2.9903e-01   7.8397e-02   1.5915e+04   1.2232e+04   1.2244e+04   4.8000e+02
  5.7167e+00   5.7574e+00   1.7490e+00   3.2649e-01   1.3057e-01   2.3838e+04   1.7886e+04   1.7942e+04   7.3200e+02
  6.9640e+00   7.0051e+00   1.9452e+00   2.6302e-01   8.1342e-02   3.3267e+04   2.6202e+04   2.6288e+04   1.0350e+03
  8.4834e+00   8.5297e+00   2.1420e+00   2.3085e-01   5.2258e-02   4.7258e+04   3.8110e+04   3.8285e+04   1.4400e+03
  1.0334e+01   1.0432e+01   2.3434e+00   1.5026e-01   4.7752e-02   6.4858e+04   5.6008e+04   5.6225e+04   1.9910e+03
  1.2589e+01   1.2705e+01   2.5405e+00   1.6276e-01   6.3742e-02   9.6079e+04   8.1506e+04   8.2160e+04   2.9680e+03
  1.5336e+01   1.5434e+01   2.7351e+00   1.5440e-01   5.2059e-02   1.4057e+05   1.1924e+05   1.2070e+05   4.3310e+03
  1.8682e+01   1.8843e+01   2.9347e+00   1.4926e-01   5.0724e-02   2.0364e+05   1.7218e+05   1.7506e+05   6.2880e+03
  2.2758e+01   2.2950e+01   3.1318e+00   9.0803e-02   4.4573e-02   2.8358e+05   2.5184e+05   2.5628e+05   8.8110e+03
  2.7724e+01   2.7978e+01   3.3300e+00   1.2890e-01   3.7716e-02   4.2775e+05   3.6204e+05   3.7156e+05   1.3170e+04
  3.3773e+01   3.4064e+01   3.5268e+00   8.7982e-02   3.5811e-02   6.0096e+05   5.2310e+05   5.3902e+05   1.8575e+04
  4.1142e+01   4.1458e+01   3.7232e+00   6.6107e-02   3.4683e-02   8.4184e+05   7.3828e+05   7.6566e+05   2.5981e+04
  5.0119e+01   5.0533e+01   3.9212e+00   6.0319e-02   3.3293e-02   1.1886e+06   1.0312e+06   1.0788e+06   3.6640e+04
  6.1054e+01   6.1572e+01   4.1188e+00   3.8996e-02   3.2663e-02   1.6028e+06   1.3960e+06   1.4722e+06   4.9357e+04
  7.4375e+01   7.4866e+01   4.3143e+00  -2.4806e-02   1.6694e-02   2.0438e+06   1.8499e+06   1.9698e+06   6.2887e+04
  9.0603e+01   9.1094e+01   4.5104e+00  -9.7298e-03   1.8903e-02   2.5665e+06   2.3419e+06   2.4656e+06   7.9109e+04
