## {'tot': 32943473.19397855, 'coords': 'spherical', 'metric': 'Euclidean', 'sep_units': 'arcmin', 'bin_type': 'Log'}
#   r_nom       meanr       meanlogr        xi        sigma_xi        DD           RR           DR         npairs   
  1.1037e-01   1.1601e-01  -2.1541e+00   2.6807e+00   3.6642e+00   3.8723e+01   1.0628e+01   1.0430e+01   1.0000e+00
  1.3445e-01   1.4679e-01  -1.9187e+00   5.2857e-01   1.5512e+00   2.3659e+01   1.5546e+01   1.5494e+01   1.0000e+00
  1.6379e-01   1.6379e-01  -1.8092e+00  -1.0056e+00   2.6767e-02   0.0000e+00   2.2967e+01   2.3031e+01   0.0000e+00
  1.9953e-01   2.0541e-01  -1.5831e+00   1.0849e+00   1.4447e+00   6.9930e+01   3.3927e+01   3.3524e+01   2.0000e+00
  2.4306e-01   2.4854e-01  -1.3930e+00   2.5276e-01   8.4896e-01   6.2249e+01   5.0066e+01   4.9830e+01   2.0000e+00
  2.9609e-01   2.8541e-01  -1.2549e+00   2.4134e+00   1.3217e+00   2.4933e+02   7.3820e+01   7.2498e+01   5.0000e+00
  3.6070e-01   3.6946e-01  -9.9652e-01   5.0998e-01   8.6264e-01   1.6362e+02   1.0876e+02   1.0846e+02   4.0000e+00
  4.3940e-01   4.3601e-01  -8.3190e-01   2.0729e+00   1.1317e+00   4.9254e+02   1.6030e+02   1.6028e+02   1.4000e+01
  5.3527e-01   5.3557e-01  -6.2550e-01   6.5989e-02   4.8291e-01   2.4950e+02   2.3647e+02   2.3518e+02   6.0000e+00
  6.5206e-01   6.6418e-01  -4.1058e-01   1.2612e+00   5.5361e-01   7.8478e+02   3.4893e+02   3.4681e+02   2.1000e+01
  7.9433e-01   7.9643e-01  -2.2920e-01   9.6133e-01   3.7445e-01   1.0014e+03   5.1517e+02   5.1068e+02   2.8000e+01
  9.6764e-01   9.6688e-01  -3.5210e-02   6.2314e-01   3.4067e-01   1.2236e+03   7.6064e+02   7.5510e+02   3.2000e+01
  1.1788e+00   1.1856e+00   1.6852e-01   6.7917e-01   2.1959e-01   1.8714e+03   1.1207e+03   1.1155e+03   5.1000e+01
  1.4360e+00   1.4384e+00   3.6210e-01   6.0779e-01   1.8468e-01   2.6472e+03   1.6502e+03   1.6472e+03   7.2000e+01
  1.7493e+00   1.7558e+00   5.6119e-01   4.6199e-01   2.3128e-01   3.5326e+03   2.4351e+03   2.4213e+03   9.3000e+01
  2.1309e+00   2.1361e+00   7.5737e-01   2.2111e-01   1.3237e-01   4.3008e+03   3.5799e+03   3.5446e+03   1.1500e+02
  2.5959e+00   2.6232e+00   9.6269e-01   1.7215e-01   1.2876e-01   5.9996e+03   5.2607e+03   5.1773e+03   1.6200e+02
  3.1623e+00   3.1867e+00   1.1574e+00   3.1937e-01   1.2554e-01   1.0046e+04   7.7409e+03   7.6573e+03   2.7800e+02
  3.8522e+00   3.8658e+00   1.3506e+00   2.7324e-01   9.3295e-02   1.4111e+04   1.1317e+04   1.1168e+04   3.7600e+02
  4.6928e+00   4.7355e+00   1.5536e+00   1.1074e-01   7.1847e-02   1.7887e+04   1.6677e+04   1.6359e+04   4.8200e+02
  5.7167e+00   5.7795e+00   1.7528e+00   1.2834e-01   4.8434e-02   2.6720e+04   2.4386e+04   2.3988e+04   7.2200e+02
  6.9640e+00   7.0485e+00   1.9514e+00   1.1344e-01   5.2696e-02   3.8373e+04   3.5725e+04   3.5023e+04   1.0120e+03
  8.4834e+00   8.5612e+00   2.1457e+00   6.8318e-02   3.7821e-02   5.3627e+04   5.1962e+04   5.1019e+04   1.4730e+03
  1.0334e+01   1.0431e+01   2.3432e+00   9.0594e-02   3.0732e-02   8.0580e+04   7.6364e+04   7.5013e+04   2.1900e+03
  1.2589e+01   1.2699e+01   2.5400e+00   7.7612e-02   4.1855e-02   1.1610e+05   1.1113e+05   1.0930e+05   3.1530e+03
  1.5336e+01   1.5496e+01   2.7391e+00   8.8780e-03   2.4885e-02   1.5765e+05   1.6257e+05   1.5939e+05   4.2870e+03
  1.8682e+01   1.8848e+01   2.9349e+00   2.2833e-02   2.3174e-02   2.3160e+05   2.3476e+05   2.3050e+05   6.3100e+03
  2.2758e+01   2.2941e+01   3.1315e+00   2.7982e-02   2.8758e-02   3.3430e+05   3.4338e+05   3.3403e+05   9.1020e+03
  2.7724e+01   2.7953e+01   3.3291e+00   2.5368e-02   2.0423e-02   4.8084e+05   4.9363e+05   4.8098e+05   1.3089e+04
  3.3773e+01   3.4067e+01   3.5269e+00  -1.2511e-02   2.7689e-02   6.7125e+05   7.1323e+05   6.9670e+05   1.8321e+04
  4.1142e+01   4.1486e+01   3.7238e+00   5.7519e-03   2.6040e-02   9.6932e+05   1.0066e+06   9.8507e+05   2.6552e+04
  5.0119e+01   5.0503e+01   3.9206e+00   2.0964e-02   1.5264e-02   1.3313e+06   1.4061e+06   1.3539e+06   3.6330e+04
  6.1054e+01   6.1471e+01   4.1171e+00   1.8724e-02   2.0487e-02   1.8157e+06   1.9034e+06   1.8417e+06   4.9545e+04
  7.4375e+01   7.4899e+01   4.3147e+00  -7.9197e-04   1.0335e-02   2.3724e+06   2.5222e+06   2.4483e+06   6.4819e+04
  9.0603e+01   9.1245e+01   4.5121e+00  -1.3283e-02   1.2165e-02   2.9467e+06   3.1931e+06   3.0911e+06   8.0316e+04
