## {'tot': 7631904.702315877, 'coords': 'spherical', 'metric': 'Euclidean', 'sep_units': 'arcmin', 'bin_type': 'Log'}
#   r_nom       meanr       meanlogr        xi        sigma_xi        DD           RR           DR         npairs   
  1.1037e-01   1.1037e-01  -2.2039e+00  -1.0206e+00   6.9432e-02   0.0000e+00   2.4622e+00   2.4875e+00   0.0000e+00
  1.3445e-01   1.3445e-01  -2.0065e+00  -1.0648e+00   5.8104e-02   0.0000e+00   3.6014e+00   3.7180e+00   0.0000e+00
  1.6379e-01   1.6379e-01  -1.8092e+00  -9.2407e-01   3.9347e-02   0.0000e+00   5.3207e+00   5.1187e+00   0.0000e+00
  1.9953e-01   1.9953e-01  -1.6118e+00  -1.0143e+00   5.1803e-02   0.0000e+00   7.8597e+00   7.9157e+00   0.0000e+00
  2.4306e-01   2.4306e-01  -1.4144e+00  -1.0581e+00   3.0074e-02   0.0000e+00   1.1599e+01   1.1936e+01   0.0000e+00
  2.9609e-01   2.8923e-01  -1.2405e+00   1.3438e+00   2.3103e+00   3.9340e+01   1.7102e+01   1.6730e+01   1.0000e+00
  3.6070e-01   3.7408e-01  -9.8328e-01   4.7173e-01   1.4862e+00   3.7025e+01   2.5196e+01   2.5168e+01   1.0000e+00
  4.3940e-01   4.3792e-01  -8.2708e-01   4.6713e+00   3.2383e+00   2.1041e+02   3.7135e+01   3.7038e+01   5.0000e+00
  5.3527e-01   5.1541e-01  -6.6311e-01   9.7941e-01   1.0964e+00   1.1019e+02   5.4781e+01   5.5660e+01   3.0000e+00
  6.5206e-01   6.1287e-01  -4.8975e-01   3.8598e-01   8.0215e-01   1.1211e+02   8.0835e+01   8.0871e+01   3.0000e+00
  7.9433e-01   8.0599e-01  -2.1719e-01   9.5437e-01   1.3273e+00   2.3407e+02   1.1935e+02   1.1976e+02   5.0000e+00
  9.6764e-01   9.9065e-01  -1.0479e-02   7.6064e-01   6.8400e-01   3.1171e+02   1.7622e+02   1.7695e+02   8.0000e+00
  1.1788e+00   1.1717e+00   1.5819e-01   8.8142e-02   4.6494e-01   2.8395e+02   2.5963e+02   2.6035e+02   7.0000e+00
  1.4360e+00   1.5032e+00   4.0683e-01   1.0814e+00   5.1985e-01   7.9259e+02   3.8229e+02   3.8073e+02   1.8000e+01
  1.7493e+00   1.7382e+00   5.5104e-01   1.9728e-02   2.4721e-01   5.7401e+02   5.6413e+02   5.6351e+02   1.6000e+01
  2.1309e+00   2.2036e+00   7.8889e-01   1.0808e-01   1.9820e-01   9.1829e+02   8.2935e+02   8.2900e+02   2.6000e+01
  2.5959e+00   2.5827e+00   9.4719e-01  -9.4241e-03   1.9531e-01   1.2069e+03   1.2187e+03   1.2186e+03   3.2000e+01
  3.1623e+00   3.1659e+00   1.1505e+00  -8.6657e-02   1.4037e-01   1.6169e+03   1.7933e+03   1.7828e+03   4.2000e+01
  3.8522e+00   3.8930e+00   1.3578e+00   4.0815e-01   1.4406e-01   3.6567e+03   2.6219e+03   2.6042e+03   8.9000e+01
  4.6928e+00   4.7532e+00   1.5572e+00   4.8990e-02   1.0544e-01   4.0199e+03   3.8636e+03   3.8471e+03   1.0400e+02
  5.7167e+00   5.7736e+00   1.7518e+00  -1.2790e-02   8.5732e-02   5.5268e+03   5.6495e+03   5.6243e+03   1.4400e+02
  6.9640e+00   6.9925e+00   1.9432e+00   1.1489e-01   7.8021e-02   9.0059e+03   8.2762e+03   8.1656e+03   2.4200e+02
  8.4834e+00   8.5406e+00   2.1432e+00  -5.7451e-02   6.0787e-02   1.1102e+04   1.2038e+04   1.1916e+04   2.9100e+02
  1.0334e+01   1.0439e+01   2.3439e+00   2.1474e-02   5.8421e-02   1.7809e+04   1.7691e+04   1.7560e+04   4.6100e+02
  1.2589e+01   1.2726e+01   2.5422e+00   2.0866e-02   6.1230e-02   2.5966e+04   2.5745e+04   2.5587e+04   6.7700e+02
  1.5336e+01   1.5489e+01   2.7387e+00  -9.4940e-03   5.4142e-02   3.6576e+04   3.7663e+04   3.7298e+04   9.4800e+02
  1.8682e+01   1.8860e+01   2.9355e+00   3.6305e-02   4.4886e-02   5.4891e+04   5.4386e+04   5.3651e+04   1.4480e+03
  2.2758e+01   2.3010e+01   3.1344e+00   2.9880e-02   2.7768e-02   7.9984e+04   7.9549e+04   7.8578e+04   2.0830e+03
  2.7724e+01   2.7929e+01   3.3282e+00   7.4573e-03   2.8678e-02   1.1306e+05   1.1436e+05   1.1328e+05   2.9680e+03
  3.3773e+01   3.4096e+01   3.5277e+00   4.7524e-03   2.4073e-02   1.6203e+05   1.6523e+05   1.6324e+05   4.2760e+03
  4.1142e+01   4.1540e+01   3.7252e+00   7.2363e-03   2.8486e-02   2.2742e+05   2.3320e+05   2.2947e+05   5.9890e+03
  5.0119e+01   5.0462e+01   3.9197e+00  -2.3274e-03   2.4253e-02   3.1298e+05   3.2574e+05   3.1974e+05   8.2180e+03
  6.1054e+01   6.1555e+01   4.1185e+00  -2.4181e-04   2.1125e-02   4.2496e+05   4.4096e+05   4.3301e+05   1.1157e+04
  7.4375e+01   7.4964e+01   4.3156e+00  -4.0243e-03   1.9667e-02   5.6196e+05   5.8432e+05   5.7432e+05   1.4792e+04
  9.0603e+01   9.1193e+01   4.5115e+00   2.9042e-02   1.9362e-02   7.1311e+05   7.3974e+05   7.1568e+05   1.8750e+04
