## {'tot': 396251.38654937665, 'coords': 'spherical', 'metric': 'Euclidean', 'sep_units': 'arcmin', 'bin_type': 'Log'}
#   r_nom       meanr       meanlogr        xi        sigma_xi        DD           RR           DR         npairs   
  1.1037e-01   1.1037e-01  -2.2039e+00  -8.4291e-01   2.0088e-01   0.0000e+00   1.2784e-01   1.1780e-01   0.0000e+00
  1.3445e-01   1.3445e-01  -2.0065e+00  -9.9567e-01   1.1066e-01   0.0000e+00   1.8699e-01   1.8658e-01   0.0000e+00
  1.6379e-01   1.6379e-01  -1.8092e+00  -9.6793e-01   1.0358e-01   0.0000e+00   2.7625e-01   2.7182e-01   0.0000e+00
  1.9953e-01   1.9953e-01  -1.6118e+00  -9.1112e-01   8.4219e-02   0.0000e+00   4.0808e-01   3.8995e-01   0.0000e+00
  2.4306e-01   2.4306e-01  -1.4144e+00  -9.8925e-01   1.0763e-01   0.0000e+00   6.0221e-01   5.9897e-01   0.0000e+00
  2.9609e-01   2.9609e-01  -1.2171e+00  -9.7642e-01   7.6792e-02   0.0000e+00   8.8793e-01   8.7746e-01   0.0000e+00
  3.6070e-01   3.6070e-01  -1.0197e+00  -1.0462e+00   7.3603e-02   0.0000e+00   1.3082e+00   1.3384e+00   0.0000e+00
  4.3940e-01   4.3940e-01  -8.2235e-01  -1.0781e+00   3.4610e-02   0.0000e+00   1.9281e+00   2.0033e+00   0.0000e+00
  5.3527e-01   5.3527e-01  -6.2499e-01  -9.8843e-01   4.1437e-02   0.0000e+00   2.8443e+00   2.8278e+00   0.0000e+00
  6.5206e-01   6.5206e-01  -4.2762e-01  -1.0457e+00   3.3007e-02   0.0000e+00   4.1970e+00   4.2928e+00   0.0000e+00
  7.9433e-01   7.9433e-01  -2.3026e-01  -1.0360e+00   4.1474e-02   0.0000e+00   6.1966e+00   6.3082e+00   0.0000e+00
  9.6764e-01   9.6764e-01  -3.2894e-02  -1.0398e+00   3.5265e-02   0.0000e+00   9.1492e+00   9.3312e+00   0.0000e+00
  1.1788e+00   1.0869e+00   8.3362e-02   2.7403e+00   3.8257e+00   5.0712e+01   1.3480e+01   1.3626e+01   1.0000e+00
  1.4360e+00   1.4832e+00   3.9422e-01   1.9879e+00   3.0357e+00   5.9805e+01   1.9848e+01   2.0099e+01   1.0000e+00
  1.7493e+00   1.6935e+00   5.2678e-01  -1.0072e-01   9.2462e-01   2.6523e+01   2.9290e+01   2.9381e+01   1.0000e+00
  2.1309e+00   2.1309e+00   7.5656e-01  -1.0186e+00   3.2501e-02   0.0000e+00   4.3060e+01   4.3460e+01   0.0000e+00
  2.5959e+00   2.5959e+00   9.5393e-01  -1.0262e+00   3.5713e-02   0.0000e+00   6.3277e+01   6.4105e+01   0.0000e+00
  3.1623e+00   3.1900e+00   1.1586e+00   1.4368e+00   1.1517e+00   2.3073e+02   9.3109e+01   9.5030e+01   4.0000e+00
  3.8522e+00   4.2492e+00   1.4467e+00  -7.7275e-01   2.5945e-01   3.4407e+01   1.3613e+02   1.3786e+02   1.0000e+00
  4.6928e+00   4.7942e+00   1.5674e+00  -5.4499e-01   3.3850e-01   9.8197e+01   2.0060e+02   2.0406e+02   2.0000e+00
  5.7167e+00   5.9141e+00   1.7758e+00   9.7289e-01   5.2358e-01   5.9146e+02   2.9332e+02   2.9970e+02   1.2000e+01
  6.9640e+00   7.2665e+00   1.9818e+00   6.9944e-01   3.2433e-01   7.5362e+02   4.2971e+02   4.4139e+02   1.7000e+01
  8.4834e+00   8.4345e+00   2.1299e+00  -1.6308e-01   2.5783e-01   5.5399e+02   6.2501e+02   6.4046e+02   1.2000e+01
  1.0334e+01   1.0523e+01   2.3522e+00  -2.7879e-01   1.9610e-01   7.2156e+02   9.1853e+02   9.4808e+02   1.5000e+01
  1.2589e+01   1.2599e+01   2.5318e+00  -4.1450e-01   1.9446e-01   8.7568e+02   1.3367e+03   1.3832e+03   1.8000e+01
  1.5336e+01   1.5220e+01   2.7206e+00  -2.6024e-01   1.9594e-01   1.6402e+03   1.9555e+03   2.0523e+03   3.3000e+01
  1.8682e+01   1.8871e+01   2.9364e+00  -1.3463e-01   1.4725e-01   2.6811e+03   2.8238e+03   2.9425e+03   5.5000e+01
  2.2758e+01   2.3046e+01   3.1359e+00  -3.3573e-02   1.2412e-01   4.3185e+03   4.1302e+03   4.2937e+03   8.7000e+01
  2.7724e+01   2.7758e+01   3.3220e+00   3.1388e-02   1.8492e-01   6.4936e+03   5.9375e+03   6.1224e+03   1.3800e+02
  3.3773e+01   3.3918e+01   3.5223e+00   6.5557e-03   1.0685e-01   9.0816e+03   8.5789e+03   8.8021e+03   1.8800e+02
  4.1142e+01   4.1763e+01   3.7303e+00   2.2072e-02   9.7033e-02   1.3296e+04   1.2108e+04   1.2568e+04   2.7700e+02
  5.0119e+01   5.0364e+01   3.9177e+00   6.7981e-02   8.1527e-02   1.9173e+04   1.6912e+04   1.7468e+04   3.9200e+02
  6.1054e+01   6.1780e+01   4.1220e+00  -1.2214e-01   4.8614e-02   2.1683e+04   2.2895e+04   2.3687e+04   4.6500e+02
  7.4375e+01   7.4370e+01   4.3075e+00  -5.3332e-03   5.2890e-02   3.0047e+04   3.0338e+04   3.0273e+04   6.3100e+02
  9.0603e+01   9.0853e+01   4.5076e+00   2.7075e-02   4.0438e-02   3.8806e+04   3.8408e+04   3.8087e+04   8.2200e+02
