## {'tot': 15882078.44090322, 'coords': 'spherical', 'metric': 'Euclidean', 'sep_units': 'arcmin', 'bin_type': 'Log'}
#   r_nom       meanr       meanlogr        xi        sigma_xi        DD           RR           DR         npairs   
  1.1037e-01   1.1037e-01  -2.2039e+00  -9.2222e-01   6.5646e-02   0.0000e+00   6.0745e+00   5.8383e+00   0.0000e+00
  1.3445e-01   1.3445e-01  -2.0065e+00  -1.0284e+00   4.5177e-02   0.0000e+00   8.8553e+00   8.9810e+00   0.0000e+00
  1.6379e-01   1.6503e-01  -1.8016e+00   1.8432e+00   2.8836e+00   3.7686e+01   1.3064e+01   1.3335e+01   1.0000e+00
  1.9953e-01   1.9482e-01  -1.6380e+00   2.1237e+00   2.2360e+00   6.0811e+01   1.9233e+01   1.9599e+01   2.0000e+00
  2.4306e-01   2.5057e-01  -1.3863e+00   2.6560e+00   2.0877e+00   1.0283e+02   2.8288e+01   2.7994e+01   3.0000e+00
  2.9609e-01   2.9609e-01  -1.2171e+00  -1.0012e+00   2.7999e-02   0.0000e+00   4.1515e+01   4.1541e+01   0.0000e+00
  3.6070e-01   3.6236e-01  -1.0173e+00   1.2765e+00   9.7691e-01   1.4004e+02   6.0958e+01   6.1591e+01   4.0000e+00
  4.3940e-01   4.6333e-01  -7.6953e-01   1.0505e+00   8.0951e-01   1.8471e+02   8.9582e+01   9.0091e+01   5.0000e+00
  5.3527e-01   5.3702e-01  -6.2336e-01   1.6975e+00   9.7917e-01   3.5622e+02   1.3188e+02   1.3212e+02   8.0000e+00
  6.5206e-01   6.3453e-01  -4.5656e-01   1.2137e+00   5.5216e-01   4.3441e+02   1.9435e+02   1.9644e+02   1.1000e+01
  7.9433e-01   8.1282e-01  -2.0855e-01   1.4004e+00   6.2453e-01   6.9270e+02   2.8659e+02   2.8897e+02   1.9000e+01
  9.6764e-01   1.0015e+00   1.1348e-04   2.0246e-01   2.8208e-01   5.2107e+02   4.2236e+02   4.2896e+02   1.4000e+01
  1.1788e+00   1.1809e+00   1.6473e-01   7.1557e-01   3.7428e-01   1.0668e+03   6.2192e+02   6.2185e+02   3.0000e+01
  1.4360e+00   1.4279e+00   3.5475e-01   1.5872e-01   2.1817e-01   1.0644e+03   9.1596e+02   9.1750e+02   2.9000e+01
  1.7493e+00   1.7778e+00   5.7379e-01   8.7288e-01   2.4266e-01   2.5426e+03   1.3487e+03   1.3570e+03   6.8000e+01
  2.1309e+00   2.1520e+00   7.6496e-01   3.6400e-01   1.6469e-01   2.7349e+03   1.9826e+03   1.9979e+03   7.6000e+01
  2.5959e+00   2.6236e+00   9.6296e-01   3.2333e-01   1.8054e-01   3.9070e+03   2.9161e+03   2.9401e+03   1.0700e+02
  3.1623e+00   3.1981e+00   1.1610e+00   2.4259e-01   9.3506e-02   5.3311e+03   4.2832e+03   4.2876e+03   1.4500e+02
  3.8522e+00   3.8641e+00   1.3501e+00   1.2515e-01   1.0413e-01   7.0233e+03   6.2804e+03   6.2588e+03   1.9200e+02
  4.6928e+00   4.7496e+00   1.5566e+00   1.2944e-01   9.1736e-02   1.0324e+04   9.2192e+03   9.1749e+03   2.8500e+02
  5.7167e+00   5.7313e+00   1.7444e+00   9.5449e-02   6.3219e-02   1.4697e+04   1.3474e+04   1.3442e+04   4.0700e+02
  6.9640e+00   7.0252e+00   1.9479e+00   9.0565e-02   6.6463e-02   2.1282e+04   1.9729e+04   1.9612e+04   5.9900e+02
  8.4834e+00   8.5636e+00   2.1461e+00   4.4225e-02   5.8911e-02   2.9688e+04   2.8729e+04   2.8573e+04   8.3000e+02
  1.0334e+01   1.0370e+01   2.3374e+00   1.0832e-01   4.7527e-02   4.5792e+04   4.1841e+04   4.1551e+04   1.2710e+03
  1.2589e+01   1.2674e+01   2.5381e+00  -5.1113e-03   3.6898e-02   5.9175e+04   6.0495e+04   5.9990e+04   1.6290e+03
  1.5336e+01   1.5426e+01   2.7346e+00   3.9918e-02   3.0592e-02   8.8422e+04   8.7280e+04   8.6109e+04   2.4460e+03
  1.8682e+01   1.8821e+01   2.9335e+00   3.1959e-02   3.2691e-02   1.2559e+05   1.2467e+05   1.2314e+05   3.5000e+03
  2.2758e+01   2.2960e+01   3.1323e+00   6.5200e-02   3.3146e-02   1.8214e+05   1.7721e+05   1.7390e+05   5.0170e+03
  2.7724e+01   2.7892e+01   3.3269e+00   2.5687e-02   2.6037e-02   2.4275e+05   2.4817e+05   2.4227e+05   6.7140e+03
  3.3773e+01   3.3987e+01   3.5245e+00  -1.5913e-02   2.5108e-02   3.2060e+05   3.4580e+05   3.3595e+05   8.9180e+03
  4.1142e+01   4.1393e+01   3.7216e+00   3.9326e-02   2.7117e-02   4.5055e+05   4.7098e+05   4.5150e+05   1.2446e+04
  5.0119e+01   5.0543e+01   3.9213e+00  -9.1777e-03   2.5841e-02   5.5429e+05   6.3592e+05   5.9802e+05   1.5381e+04
  6.1054e+01   6.1461e+01   4.1170e+00   6.2976e-03   1.9331e-02   7.5522e+05   8.3355e+05   7.9176e+05   2.0844e+04
  7.4375e+01   7.4816e+01   4.3135e+00   6.2332e-03   1.6421e-02   9.9820e+05   1.0746e+06   1.0330e+06   2.7513e+04
  9.0603e+01   9.1392e+01   4.5137e+00  -1.9028e-03   1.6521e-02   1.2552e+06   1.3206e+06   1.2892e+06   3.4611e+04
