## {'tot': 426413600.4079495, 'coords': 'spherical', 'metric': 'Euclidean', 'sep_units': 'arcmin', 'bin_type': 'Log'}
#   r_nom       meanr       meanlogr        xi        sigma_xi        DD           RR           DR         npairs   
  1.1037e-01   1.1219e-01  -2.1892e+00   1.1827e+00   8.3315e-01   3.5769e+02   1.6309e+02   1.6395e+02   9.0000e+00
  1.3445e-01   1.3417e-01  -2.0097e+00   1.2661e+00   6.2053e-01   5.3887e+02   2.3775e+02   2.3781e+02   1.3000e+01
  1.6379e-01   1.6419e-01  -1.8080e+00   1.0044e+00   4.7015e-01   7.0344e+02   3.5076e+02   3.5095e+02   1.6000e+01
  1.9953e-01   1.9991e-01  -1.6109e+00   2.4725e-01   3.9915e-01   6.4048e+02   5.1639e+02   5.1460e+02   1.6000e+01
  2.4306e-01   2.4890e-01  -1.3918e+00   6.2857e-01   2.9994e-01   1.2265e+03   7.5951e+02   7.5428e+02   3.1000e+01
  2.9609e-01   2.9297e-01  -1.2295e+00   3.1372e-01   2.2565e-01   1.4559e+03   1.1146e+03   1.1104e+03   3.8000e+01
  3.6070e-01   3.6557e-01  -1.0076e+00   9.0669e-02   1.4751e-01   1.7858e+03   1.6366e+03   1.6370e+03   4.6000e+01
  4.3940e-01   4.4695e-01  -8.0659e-01   2.5133e-01   1.2447e-01   3.0051e+03   2.4052e+03   2.4029e+03   8.0000e+01
  5.3527e-01   5.3698e-01  -6.2330e-01   3.5644e-01   1.2944e-01   4.8366e+03   3.5408e+03   3.5576e+03   1.3100e+02
  6.5206e-01   6.5529e-01  -4.2394e-01   2.9855e-01   1.1463e-01   6.7895e+03   5.2181e+03   5.2249e+03   1.7600e+02
  7.9433e-01   7.9781e-01  -2.2751e-01   1.1506e-01   7.0463e-02   8.6492e+03   7.6946e+03   7.7292e+03   2.2100e+02
  9.6764e-01   9.7529e-01  -2.6584e-02   7.2194e-02   6.4623e-02   1.2295e+04   1.1340e+04   1.1408e+04   3.2400e+02
  1.1788e+00   1.1863e+00   1.6924e-01   1.0589e-01   6.0688e-02   1.8736e+04   1.6698e+04   1.6833e+04   4.8900e+02
  1.4360e+00   1.4466e+00   3.6765e-01   2.7899e-02   5.4252e-02   2.5581e+04   2.4592e+04   2.4743e+04   6.6700e+02
  1.7493e+00   1.7653e+00   5.6670e-01   1.0165e-01   4.5638e-02   4.0228e+04   3.6210e+04   3.6379e+04   1.0380e+03
  2.1309e+00   2.1489e+00   7.6346e-01   1.1184e-01   3.3418e-02   5.9455e+04   5.3229e+04   5.3366e+04   1.5360e+03
  2.5959e+00   2.6095e+00   9.5759e-01   6.3828e-02   3.1676e-02   8.3751e+04   7.8292e+04   7.8523e+04   2.1680e+03
  3.1623e+00   3.1794e+00   1.1552e+00   6.2334e-02   2.4918e-02   1.2253e+05   1.1500e+05   1.1518e+05   3.1710e+03
  3.8522e+00   3.8852e+00   1.3556e+00   8.3908e-02   2.2843e-02   1.8412e+05   1.6862e+05   1.6929e+05   4.7880e+03
  4.6928e+00   4.7365e+00   1.5538e+00   5.2573e-02   1.5204e-02   2.6368e+05   2.4752e+05   2.4909e+05   6.8420e+03
  5.7167e+00   5.7646e+00   1.7502e+00   3.8391e-02   1.3831e-02   3.8207e+05   3.6175e+05   3.6496e+05   9.9350e+03
  6.9640e+00   7.0208e+00   1.9474e+00   4.0553e-02   1.6311e-02   5.5880e+05   5.2970e+05   5.3351e+05   1.4570e+04
  8.4834e+00   8.5509e+00   2.1446e+00   4.0845e-02   1.0352e-02   8.1784e+05   7.7134e+05   7.7883e+05   2.1248e+04
  1.0334e+01   1.0423e+01   2.3426e+00   3.5710e-02   1.1096e-02   1.1836e+06   1.1234e+06   1.1334e+06   3.0812e+04
  1.2589e+01   1.2697e+01   2.5399e+00   4.3228e-02   1.2471e-02   1.7254e+06   1.6242e+06   1.6397e+06   4.4980e+04
  1.5336e+01   1.5465e+01   2.7371e+00   1.8563e-02   8.9579e-03   2.4303e+06   2.3434e+06   2.3651e+06   6.3387e+04
  1.8682e+01   1.8847e+01   2.9349e+00   2.3460e-02   1.0178e-02   3.5139e+06   3.3473e+06   3.3914e+06   9.1652e+04
  2.2758e+01   2.2953e+01   3.1320e+00   2.3802e-02   1.0764e-02   4.9954e+06   4.7577e+06   4.8199e+06   1.2999e+05
  2.7724e+01   2.7973e+01   3.3298e+00   2.0799e-02   1.0511e-02   7.0331e+06   6.6632e+06   6.7788e+06   1.8319e+05
  3.3773e+01   3.4059e+01   3.5266e+00   2.7607e-02   8.7205e-03   9.9007e+06   9.2844e+06   9.4644e+06   2.5749e+05
  4.1142e+01   4.1485e+01   3.7239e+00   2.0038e-02   9.9492e-03   1.3507e+07   1.2645e+07   1.2950e+07   3.5157e+05
  5.0119e+01   5.0522e+01   3.9210e+00   2.8235e-02   8.8226e-03   1.8322e+07   1.7074e+07   1.7457e+07   4.7644e+05
  6.1054e+01   6.1522e+01   4.1179e+00   1.7780e-02   8.1929e-03   2.3841e+07   2.2380e+07   2.2911e+07   6.2096e+05
  7.4375e+01   7.4918e+01   4.3149e+00   1.8753e-02   7.0224e-03   3.0386e+07   2.8851e+07   2.9348e+07   7.9119e+05
  9.0603e+01   9.1128e+01   4.5108e+00   9.7029e-04   7.3808e-03   3.6535e+07   3.5456e+07   3.5979e+07   9.4971e+05
