## {'tot': 262359.5419889697, 'coords': 'spherical', 'metric': 'Euclidean', 'sep_units': 'arcmin', 'bin_type': 'Log'}
#   r_nom       meanr       meanlogr        xi        sigma_xi        DD           RR           DR         npairs   
  1.1037e-01   1.1037e-01  -2.2039e+00  -8.6438e-01   1.9193e-01   0.0000e+00   1.0035e-01   9.3542e-02   0.0000e+00
  1.3445e-01   1.3445e-01  -2.0065e+00  -1.0173e+00   1.6186e-01   0.0000e+00   1.4628e-01   1.4755e-01   0.0000e+00
  1.6379e-01   1.6379e-01  -1.8092e+00  -9.1398e-01   1.4583e-01   0.0000e+00   2.1581e-01   2.0653e-01   0.0000e+00
  1.9953e-01   1.9953e-01  -1.6118e+00  -9.2470e-01   1.1543e-01   0.0000e+00   3.1772e-01   3.0576e-01   0.0000e+00
  2.4306e-01   2.4306e-01  -1.4144e+00  -1.0600e+00   9.0246e-02   0.0000e+00   4.6730e-01   4.8132e-01   0.0000e+00
  2.9609e-01   2.9609e-01  -1.2171e+00  -9.4107e-01   1.0148e-01   0.0000e+00   6.8579e-01   6.6559e-01   0.0000e+00
  3.6070e-01   3.6070e-01  -1.0197e+00  -1.0306e+00   7.4072e-02   0.0000e+00   1.0070e+00   1.0224e+00   0.0000e+00
  4.3940e-01   4.3940e-01  -8.2235e-01  -9.5845e-01   5.5781e-02   0.0000e+00   1.4798e+00   1.4491e+00   0.0000e+00
  5.3527e-01   5.3527e-01  -6.2499e-01  -9.6602e-01   5.2525e-02   0.0000e+00   2.1785e+00   2.1415e+00   0.0000e+00
  6.5206e-01   6.5206e-01  -4.2762e-01  -9.6142e-01   3.7374e-02   0.0000e+00   3.2105e+00   3.1486e+00   0.0000e+00
  7.9433e-01   7.9433e-01  -2.3026e-01  -9.4987e-01   4.3456e-02   0.0000e+00   4.7343e+00   4.6156e+00   0.0000e+00
  9.6764e-01   9.6764e-01  -3.2894e-02  -1.0367e+00   3.4580e-02   0.0000e+00   6.9770e+00   7.1050e+00   0.0000e+00
  1.1788e+00   1.0698e+00   6.7446e-02   2.3293e+00   3.4158e+00   3.4398e+01   1.0274e+01   1.0370e+01   1.0000e+00
  1.4360e+00   1.4360e+00   3.6183e-01  -1.0035e+00   3.7271e-02   0.0000e+00   1.5131e+01   1.5158e+01   0.0000e+00
  1.7493e+00   1.7493e+00   5.5920e-01  -1.0179e+00   4.0330e-02   0.0000e+00   2.2279e+01   2.2478e+01   0.0000e+00
  2.1309e+00   2.1309e+00   7.5656e-01  -1.0490e+00   4.0151e-02   0.0000e+00   3.2750e+01   3.3553e+01   0.0000e+00
  2.5959e+00   2.5959e+00   9.5393e-01  -1.0172e+00   4.8197e-02   0.0000e+00   4.8171e+01   4.8585e+01   0.0000e+00
  3.1623e+00   3.1623e+00   1.1513e+00  -1.0067e+00   5.5175e-02   0.0000e+00   7.0755e+01   7.0991e+01   0.0000e+00
  3.8522e+00   3.7702e+00   1.3257e+00   6.2209e-01   1.0596e+00   1.6735e+02   1.0375e+02   1.0328e+02   3.0000e+00
  4.6928e+00   4.7384e+00   1.5557e+00  -6.6783e-01   3.6315e-01   5.4312e+01   1.5229e+02   1.5416e+02   1.0000e+00
  5.7167e+00   5.7559e+00   1.7495e+00   3.9466e-01   5.2458e-01   3.1962e+02   2.2257e+02   2.2718e+02   5.0000e+00
  6.9640e+00   7.1224e+00   1.9620e+00  -9.2327e-02   3.3634e-01   3.0821e+02   3.2591e+02   3.3211e+02   6.0000e+00
  8.4834e+00   8.6776e+00   2.1582e+00  -3.3816e-01   3.1902e-01   3.2674e+02   4.7458e+02   4.8091e+02   6.0000e+00
  1.0334e+01   1.0119e+01   2.3134e+00  -1.1476e-01   2.6504e-01   6.4535e+02   6.9119e+02   7.0793e+02   1.4000e+01
  1.2589e+01   1.2776e+01   2.5461e+00   3.1146e-02   2.7661e-01   1.0866e+03   9.9933e+02   1.0274e+03   2.4000e+01
  1.5336e+01   1.5230e+01   2.7217e+00  -2.1504e-01   1.9840e-01   1.1739e+03   1.4418e+03   1.4629e+03   2.3000e+01
  1.8682e+01   1.8771e+01   2.9306e+00   1.3708e-01   2.0039e-01   2.3157e+03   2.0595e+03   2.0464e+03   4.2000e+01
  2.2758e+01   2.2724e+01   3.1214e+00  -2.5981e-01   1.2572e-01   2.1093e+03   2.9273e+03   2.8986e+03   4.1000e+01
  2.7724e+01   2.7792e+01   3.3234e+00   7.2021e-03   1.4389e-01   3.9562e+03   4.0996e+03   4.0132e+03   7.9000e+01
  3.3773e+01   3.3912e+01   3.5221e+00   6.1143e-02   1.5990e-01   5.7544e+03   5.7124e+03   5.5588e+03   1.1000e+02
  4.1142e+01   4.1624e+01   3.7271e+00  -9.1760e-02   9.2898e-02   6.5916e+03   7.7802e+03   7.5428e+03   1.2800e+02
  5.0119e+01   5.0774e+01   3.9258e+00  -9.0845e-02   9.6787e-02   9.3577e+03   1.0505e+04   1.0408e+04   1.8900e+02
  6.1054e+01   6.1383e+01   4.1155e+00   2.6429e-02   7.5514e-02   1.3896e+04   1.3770e+04   1.3651e+04   2.7200e+02
  7.4375e+01   7.4807e+01   4.3134e+00   1.8973e-02   6.9452e-02   1.7841e+04   1.7751e+04   1.7627e+04   3.5600e+02
  9.0603e+01   9.0999e+01   4.5092e+00  -2.9283e-02   5.0354e-02   2.0356e+04   2.1815e+04   2.1405e+04   3.9700e+02
