## {'tot': 7022400.616651814, 'coords': 'spherical', 'metric': 'Euclidean', 'sep_units': 'arcmin', 'bin_type': 'Log'}
#   r_nom       meanr       meanlogr        xi        sigma_xi        DD           RR           DR         npairs   
  1.1037e-01   1.1037e-01  -2.2039e+00  -1.0509e+00   7.2306e-02   0.0000e+00   2.6859e+00   2.7543e+00   0.0000e+00
  1.3445e-01   1.2844e-01  -2.0523e+00   8.4758e+00   9.5034e+00   3.7020e+01   3.9154e+00   3.8746e+00   1.0000e+00
  1.6379e-01   1.7322e-01  -1.7532e+00   6.4125e+00   7.4767e+00   4.2971e+01   5.7764e+00   5.8530e+00   1.0000e+00
  1.9953e-01   1.9953e-01  -1.6118e+00  -9.7276e-01   5.2680e-02   0.0000e+00   8.5041e+00   8.3883e+00   0.0000e+00
  2.4306e-01   2.4306e-01  -1.4144e+00  -9.7905e-01   3.5191e-02   0.0000e+00   1.2508e+01   1.2377e+01   0.0000e+00
  2.9609e-01   3.1809e-01  -1.1454e+00   4.8043e-01   1.5140e+00   2.7557e+01   1.8356e+01   1.8547e+01   1.0000e+00
  3.6070e-01   3.7784e-01  -9.7480e-01   1.9951e+00   2.0952e+00   8.0517e+01   2.6953e+01   2.6849e+01   2.0000e+00
  4.3940e-01   4.3195e-01  -8.3944e-01  -4.3624e-01   6.2600e-01   2.4654e+01   3.9610e+01   4.0771e+01   1.0000e+00
  5.3527e-01   5.2152e-01  -6.5150e-01   1.2587e+00   1.2769e+00   1.3276e+02   5.8311e+01   5.8840e+01   3.0000e+00
  6.5206e-01   6.5206e-01  -4.2762e-01  -1.0147e+00   2.1657e-02   0.0000e+00   8.5934e+01   8.6567e+01   0.0000e+00
  7.9433e-01   8.4085e-01  -1.7429e-01  -2.9573e-01   4.1410e-01   9.3564e+01   1.2672e+02   1.2888e+02   3.0000e+00
  9.6764e-01   9.7758e-01  -2.3306e-02   1.3824e-01   7.4980e-01   2.1452e+02   1.8675e+02   1.8773e+02   4.0000e+00
  1.1788e+00   1.1779e+00   1.6276e-01   1.7198e-01   4.2887e-01   3.2979e+02   2.7499e+02   2.7874e+02   9.0000e+00
  1.4360e+00   1.4695e+00   3.8323e-01   2.1857e-01   3.6783e-01   4.9941e+02   4.0500e+02   4.0794e+02   1.3000e+01
  1.7493e+00   1.7754e+00   5.7219e-01   5.4108e-01   3.6071e-01   9.3307e+02   5.9633e+02   6.0337e+02   2.3000e+01
  2.1309e+00   2.0938e+00   7.3764e-01  -1.0339e-01   2.3182e-01   8.0718e+02   8.7660e+02   8.8721e+02   2.3000e+01
  2.5959e+00   2.6527e+00   9.7345e-01   7.7828e-02   1.7484e-01   1.4277e+03   1.2894e+03   1.3083e+03   3.7000e+01
  3.1623e+00   3.1782e+00   1.1549e+00   4.9972e-02   1.3322e-01   2.0177e+03   1.8938e+03   1.9085e+03   5.3000e+01
  3.8522e+00   3.8934e+00   1.3579e+00   7.3267e-02   1.5058e-01   3.0712e+03   2.7769e+03   2.8223e+03   8.1000e+01
  4.6928e+00   4.7227e+00   1.5510e+00   5.7842e-02   1.1645e-01   4.4378e+03   4.0763e+03   4.1392e+03   1.1600e+02
  5.7167e+00   5.7476e+00   1.7474e+00  -2.3606e-02   1.0436e-01   6.0032e+03   5.9574e+03   6.0506e+03   1.5800e+02
  6.9640e+00   7.0401e+00   1.9500e+00   1.1834e-01   7.8492e-02   1.0060e+04   8.7234e+03   8.8758e+03   2.6400e+02
  8.4834e+00   8.5367e+00   2.1429e+00   5.0909e-02   6.6622e-02   1.3733e+04   1.2703e+04   1.2894e+04   3.5700e+02
  1.0334e+01   1.0394e+01   2.3396e+00  -5.0119e-02   7.2188e-02   1.8205e+04   1.8501e+04   1.8816e+04   4.8300e+02
  1.2589e+01   1.2677e+01   2.5382e+00  -8.5753e-02   5.1272e-02   2.5477e+04   2.6748e+04   2.7260e+04   6.8900e+02
  1.5336e+01   1.5441e+01   2.7355e+00   1.6710e-02   3.5787e-02   4.0537e+04   3.8592e+04   3.9242e+04   1.0690e+03
  1.8682e+01   1.8807e+01   2.9327e+00   7.4448e-03   3.1197e-02   5.6889e+04   5.5126e+04   5.5802e+04   1.4980e+03
  2.2758e+01   2.2861e+01   3.1280e+00   1.9401e-02   3.2631e-02   7.9966e+04   7.8353e+04   7.8400e+04   2.1200e+03
  2.7724e+01   2.7994e+01   3.3305e+00   1.3786e-02   3.1570e-02   1.1066e+05   1.0973e+05   1.0944e+05   2.9130e+03
  3.3773e+01   3.3989e+01   3.5246e+00  -1.1095e-02   1.8011e-02   1.4894e+05   1.5290e+05   1.5177e+05   3.9680e+03
  4.1142e+01   4.1494e+01   3.7240e+00   1.7336e-02   2.6252e-02   2.0691e+05   2.0825e+05   2.0577e+05   5.5020e+03
  5.0119e+01   5.0419e+01   3.9189e+00  -2.6081e-03   1.9591e-02   2.7618e+05   2.8118e+05   2.7904e+05   7.3770e+03
  6.1054e+01   6.1427e+01   4.1164e+00   8.9096e-03   1.8686e-02   3.6881e+05   3.6856e+05   3.6704e+05   9.9340e+03
  7.4375e+01   7.4949e+01   4.3153e+00  -1.6834e-03   1.9973e-02   4.8333e+05   4.7513e+05   4.7963e+05   1.2921e+04
  9.0603e+01   9.1142e+01   4.5110e+00  -1.3647e-02   1.3659e-02   6.0683e+05   5.8391e+05   5.9936e+05   1.6218e+04
