## {'tot': 279533.6770403408, 'coords': 'spherical', 'metric': 'Euclidean', 'sep_units': 'arcmin', 'bin_type': 'Log'}
#   r_nom       meanr       meanlogr        xi        sigma_xi        DD           RR           DR         npairs   
  1.1037e-01   1.1037e-01  -2.2039e+00  -1.0889e+00   1.6432e-01   0.0000e+00   1.0691e-01   1.1167e-01   0.0000e+00
  1.3445e-01   1.3445e-01  -2.0065e+00  -8.9794e-01   1.3261e-01   0.0000e+00   1.5586e-01   1.4790e-01   0.0000e+00
  1.6379e-01   1.6379e-01  -1.8092e+00  -1.0764e+00   1.2507e-01   0.0000e+00   2.2994e-01   2.3872e-01   0.0000e+00
  1.9953e-01   1.9953e-01  -1.6118e+00  -8.8334e-01   1.1044e-01   0.0000e+00   3.3852e-01   3.1877e-01   0.0000e+00
  2.4306e-01   2.4306e-01  -1.4144e+00  -9.9377e-01   9.4379e-02   0.0000e+00   4.9789e-01   4.9634e-01   0.0000e+00
  2.9609e-01   2.9609e-01  -1.2171e+00  -9.5574e-01   5.8311e-02   0.0000e+00   7.3069e-01   7.1452e-01   0.0000e+00
  3.6070e-01   3.6070e-01  -1.0197e+00  -9.7620e-01   7.1837e-02   0.0000e+00   1.0729e+00   1.0601e+00   0.0000e+00
  4.3940e-01   4.3940e-01  -8.2235e-01  -1.0356e+00   5.9736e-02   0.0000e+00   1.5767e+00   1.6048e+00   0.0000e+00
  5.3527e-01   5.3527e-01  -6.2499e-01  -1.0146e+00   5.3264e-02   0.0000e+00   2.3211e+00   2.3381e+00   0.0000e+00
  6.5206e-01   6.5206e-01  -4.2762e-01  -1.0378e+00   3.2852e-02   0.0000e+00   3.4207e+00   3.4853e+00   0.0000e+00
  7.9433e-01   7.9433e-01  -2.3026e-01  -1.0682e+00   4.0523e-02   0.0000e+00   5.0442e+00   5.2161e+00   0.0000e+00
  9.6764e-01   9.6764e-01  -3.2894e-02  -1.0366e+00   2.6813e-02   0.0000e+00   7.4337e+00   7.5699e+00   0.0000e+00
  1.1788e+00   1.1788e+00   1.6447e-01  -1.0695e+00   3.3655e-02   0.0000e+00   1.0946e+01   1.1327e+01   0.0000e+00
  1.4360e+00   1.4360e+00   3.6183e-01  -1.0631e+00   3.8369e-02   0.0000e+00   1.6121e+01   1.6630e+01   0.0000e+00
  1.7493e+00   1.7493e+00   5.5920e-01  -1.0476e+00   3.8294e-02   0.0000e+00   2.3737e+01   2.4303e+01   0.0000e+00
  2.1309e+00   2.2692e+00   8.1944e-01   2.4204e-01   1.2606e+00   4.3017e+01   3.4894e+01   3.4733e+01   1.0000e+00
  2.5959e+00   2.8344e+00   1.0418e+00   4.8024e-01   1.4951e+00   7.4887e+01   5.1324e+01   5.0782e+01   1.0000e+00
  3.1623e+00   3.1623e+00   1.1513e+00  -9.7606e-01   4.7823e-02   0.0000e+00   7.5386e+01   7.4484e+01   0.0000e+00
  3.8522e+00   3.4963e+00   1.2517e+00  -5.9283e-01   3.8296e-01   4.1810e+01   1.1054e+02   1.0894e+02   1.0000e+00
  4.6928e+00   4.6251e+00   1.5301e+00   1.2710e-01   4.5633e-01   1.7822e+02   1.6226e+02   1.5993e+02   5.0000e+00
  5.7167e+00   5.8666e+00   1.7680e+00  -7.9131e-03   4.1014e-01   2.2681e+02   2.3714e+02   2.3291e+02   4.0000e+00
  6.9640e+00   7.1649e+00   1.9684e+00   2.7863e-02   3.1624e-01   3.4096e+02   3.4724e+02   3.3927e+02   9.0000e+00
  8.4834e+00   8.7333e+00   2.1658e+00  -1.1007e-01   2.2831e-01   4.2797e+02   5.0565e+02   4.9463e+02   1.0000e+01
  1.0334e+01   1.0242e+01   2.3251e+00  -3.6273e-01   2.3176e-01   4.3776e+02   7.3643e+02   7.2066e+02   9.0000e+00
  1.2589e+01   1.2930e+01   2.5583e+00   2.4811e-01   1.9516e-01   1.2566e+03   1.0647e+03   1.0286e+03   2.7000e+01
  1.5336e+01   1.5418e+01   2.7339e+00  -1.5079e-01   2.1463e-01   1.2330e+03   1.5362e+03   1.5004e+03   2.4000e+01
  1.8682e+01   1.8649e+01   2.9239e+00  -7.2005e-02   1.4296e-01   1.9615e+03   2.1943e+03   2.1569e+03   4.2000e+01
  2.2758e+01   2.2881e+01   3.1288e+00   1.3169e-01   8.8729e-02   3.3497e+03   3.1189e+03   3.0290e+03   7.8000e+01
  2.7724e+01   2.8171e+01   3.3365e+00  -5.5195e-02   1.0885e-01   4.0176e+03   4.3680e+03   4.3133e+03   9.2000e+01
  3.3773e+01   3.4017e+01   3.5253e+00  -4.1608e-02   8.2136e-02   5.6687e+03   6.0863e+03   6.0042e+03   1.3100e+02
  4.1142e+01   4.1363e+01   3.7208e+00   2.0307e-03   9.4341e-02   8.2398e+03   8.2895e+03   8.2562e+03   1.8900e+02
  5.0119e+01   5.0783e+01   3.9259e+00  -7.4349e-03   1.1762e-01   1.1425e+04   1.1193e+04   1.1350e+04   2.5900e+02
  6.1054e+01   6.1790e+01   4.1221e+00  -4.7373e-02   6.1828e-02   1.4743e+04   1.4671e+04   1.5055e+04   3.3100e+02
  7.4375e+01   7.4863e+01   4.3141e+00  -1.7750e-02   5.9373e-02   2.0787e+04   1.8913e+04   2.0018e+04   4.5700e+02
  9.0603e+01   9.0947e+01   4.5087e+00   2.9027e-02   6.5197e-02   2.5829e+04   2.3243e+04   2.4199e+04   5.6800e+02
