## {'tot': 2393144.8677484775, 'coords': 'spherical', 'metric': 'Euclidean', 'sep_units': 'arcmin', 'bin_type': 'Log'}
#   r_nom       meanr       meanlogr        xi        sigma_xi        DD           RR           DR         npairs   
  1.1037e-01   1.1037e-01  -2.2039e+00  -1.0141e+00   9.6378e-02   0.0000e+00   9.1532e-01   9.2175e-01   0.0000e+00
  1.3445e-01   1.3445e-01  -2.0065e+00  -1.0455e+00   6.6124e-02   0.0000e+00   1.3343e+00   1.3647e+00   0.0000e+00
  1.6379e-01   1.6379e-01  -1.8092e+00  -9.1959e-01   6.0728e-02   0.0000e+00   1.9685e+00   1.8894e+00   0.0000e+00
  1.9953e-01   1.9953e-01  -1.6118e+00  -9.5994e-01   5.9261e-02   0.0000e+00   2.8981e+00   2.8401e+00   0.0000e+00
  2.4306e-01   2.4306e-01  -1.4144e+00  -9.4577e-01   4.1429e-02   0.0000e+00   4.2626e+00   4.1470e+00   0.0000e+00
  2.9609e-01   2.9609e-01  -1.2171e+00  -9.4897e-01   3.5391e-02   0.0000e+00   6.2556e+00   6.0960e+00   0.0000e+00
  3.6070e-01   3.6070e-01  -1.0197e+00  -1.0137e+00   3.2891e-02   0.0000e+00   9.1852e+00   9.2483e+00   0.0000e+00
  4.3940e-01   4.3940e-01  -8.2235e-01  -9.8248e-01   3.1220e-02   0.0000e+00   1.3498e+01   1.3380e+01   0.0000e+00
  5.3527e-01   5.5062e-01  -5.9672e-01   2.2291e-01   1.2052e+00   2.3661e+01   1.9872e+01   1.9552e+01   1.0000e+00
  6.5206e-01   6.2842e-01  -4.6461e-01   1.5116e+00   1.9119e+00   7.3071e+01   2.9285e+01   2.9044e+01   2.0000e+00
  7.9433e-01   8.0492e-01  -2.1851e-01   1.8658e+00   1.2357e+00   1.2338e+02   4.3184e+01   4.2996e+01   4.0000e+00
  9.6764e-01   8.7947e-01  -1.2844e-01  -6.0311e-01   3.7934e-01   2.3662e+01   6.3642e+01   6.2843e+01   1.0000e+00
  1.1788e+00   1.2248e+00   2.0038e-01   3.0527e-01   6.1870e-01   1.1930e+02   9.3713e+01   9.2200e+01   4.0000e+00
  1.4360e+00   1.5064e+00   4.0941e-01  -5.8126e-01   2.6962e-01   5.3664e+01   1.3802e+02   1.3595e+02   2.0000e+00
  1.7493e+00   1.8229e+00   5.9883e-01  -2.9483e-01   3.0281e-01   1.3668e+02   2.0322e+02   1.9991e+02   5.0000e+00
  2.1309e+00   2.1505e+00   7.6427e-01   3.3473e-01   3.8271e-01   3.9366e+02   2.9874e+02   2.9620e+02   1.3000e+01
  2.5959e+00   2.5856e+00   9.4835e-01   1.9680e-01   3.0655e-01   5.1023e+02   4.3940e+02   4.3158e+02   1.7000e+01
  3.1623e+00   3.1757e+00   1.1539e+00   7.2685e-01   2.3074e-01   1.0939e+03   6.4540e+02   6.3508e+02   4.1000e+01
  3.8522e+00   3.8807e+00   1.3545e+00   6.9483e-02   1.8865e-01   9.9247e+02   9.4634e+02   9.3653e+02   3.1000e+01
  4.6928e+00   4.6591e+00   1.5373e+00   1.8741e-01   1.7222e-01   1.6008e+03   1.3892e+03   1.3648e+03   5.7000e+01
  5.7167e+00   5.7660e+00   1.7500e+00   2.9549e-01   1.9144e-01   2.5845e+03   2.0302e+03   2.0074e+03   8.6000e+01
  6.9640e+00   7.0163e+00   1.9467e+00   1.0842e-01   1.1016e-01   3.1784e+03   2.9728e+03   2.9145e+03   1.0800e+02
  8.4834e+00   8.5595e+00   2.1452e+00  -2.4192e-02   1.0770e-01   4.0808e+03   4.3289e+03   4.2573e+03   1.4000e+02
  1.0334e+01   1.0362e+01   2.3367e+00   6.8875e-02   9.9226e-02   6.4579e+03   6.3048e+03   6.1642e+03   2.2100e+02
  1.2589e+01   1.2637e+01   2.5352e+00   9.2554e-02   8.3772e-02   9.5502e+03   9.1155e+03   8.9110e+03   3.3300e+02
  1.5336e+01   1.5415e+01   2.7337e+00   8.2468e-02   8.2789e-02   1.3417e+04   1.3152e+04   1.2742e+04   4.7300e+02
  1.8682e+01   1.8796e+01   2.9321e+00  -1.3639e-02   6.6475e-02   1.7338e+04   1.8786e+04   1.8190e+04   6.0800e+02
  2.2758e+01   2.2954e+01   3.1319e+00   1.3578e-02   5.4458e-02   2.5590e+04   2.6702e+04   2.5965e+04   9.0000e+02
  2.7724e+01   2.7994e+01   3.3305e+00   4.4939e-02   3.9619e-02   3.7078e+04   3.7395e+04   3.6397e+04   1.2980e+03
  3.3773e+01   3.3987e+01   3.5244e+00  -2.5755e-02   4.6404e-02   4.7312e+04   5.2106e+04   5.0380e+04   1.6710e+03
  4.1142e+01   4.1484e+01   3.7239e+00   1.7367e-02   2.5085e-02   6.8666e+04   7.0968e+04   6.9201e+04   2.4190e+03
  5.0119e+01   5.0524e+01   3.9210e+00  -4.2026e-02   3.2077e-02   8.7287e+04   9.5822e+04   9.3568e+04   3.0600e+03
  6.1054e+01   6.1552e+01   4.1185e+00   1.9241e-02   2.6199e-02   1.2282e+05   1.2560e+05   1.2300e+05   4.3300e+03
  7.4375e+01   7.4716e+01   4.3121e+00  -1.5323e-03   3.6518e-02   1.6071e+05   1.6192e+05   1.6144e+05   5.6200e+03
  9.0603e+01   9.1484e+01   4.5146e+00  -1.5513e-02   3.2479e-02   1.9761e+05   1.9899e+05   1.9984e+05   6.8900e+03
