## {'tot': 111830056188.80556, 'coords': 'spherical', 'metric': 'Euclidean', 'sep_units': 'arcmin', 'bin_type': 'Log'}
#   r_nom       meanr       meanlogr        xi        sigma_xi        DD           RR           DR         npairs   
  1.1037e-01   1.1138e-01  -2.1964e+00   5.3596e-01   3.2577e-02   6.5355e+04   4.2772e+04   4.2602e+04   2.3590e+03
  1.3445e-01   1.3485e-01  -2.0052e+00   3.5093e-01   2.4355e-02   8.3594e+04   6.2353e+04   6.2033e+04   3.0520e+03
  1.6379e-01   1.6508e-01  -1.8029e+00   3.7367e-01   2.2496e-02   1.2595e+05   9.1988e+04   9.1784e+04   4.5870e+03
  1.9953e-01   2.0117e-01  -1.6052e+00   2.8313e-01   1.6057e-02   1.7322e+05   1.3543e+05   1.3515e+05   6.3180e+03
  2.4306e-01   2.4478e-01  -1.4090e+00   2.3066e-01   1.5285e-02   2.4448e+05   1.9919e+05   1.9886e+05   8.9410e+03
  2.9609e-01   2.9807e-01  -1.2120e+00   2.0342e-01   1.3788e-02   3.5172e+05   2.9232e+05   2.9229e+05   1.2889e+04
  3.6070e-01   3.6338e-01  -1.0139e+00   1.6365e-01   1.2985e-02   4.9801e+05   4.2922e+05   4.2850e+05   1.8255e+04
  4.3940e-01   4.4286e-01  -8.1605e-01   1.5227e-01   7.2569e-03   7.2888e+05   6.3077e+05   6.3180e+05   2.6688e+04
  5.3527e-01   5.3968e-01  -6.1830e-01   1.3955e-01   9.9948e-03   1.0648e+06   9.2859e+05   9.3189e+05   3.9053e+04
  6.5206e-01   6.5778e-01  -4.2040e-01   1.1535e-01   7.6529e-03   1.5450e+06   1.3685e+06   1.3778e+06   5.6613e+04
  7.9433e-01   8.0073e-01  -2.2374e-01   1.0748e-01   9.4023e-03   2.2563e+06   2.0180e+06   2.0287e+06   8.2793e+04
  9.6764e-01   9.7553e-01  -2.6272e-02   9.4083e-02   7.2584e-03   3.2990e+06   2.9739e+06   2.9966e+06   1.2112e+05
  1.1788e+00   1.1887e+00   1.7137e-01   8.4077e-02   6.6673e-03   4.8167e+06   4.3791e+06   4.4138e+06   1.7668e+05
  1.4360e+00   1.4483e+00   3.6887e-01   7.6326e-02   6.9745e-03   7.0316e+06   6.4495e+06   6.4944e+06   2.5792e+05
  1.7493e+00   1.7640e+00   5.6611e-01   6.7056e-02   6.1563e-03   1.0222e+07   9.4964e+06   9.5407e+06   3.7492e+05
  2.1309e+00   2.1492e+00   7.6364e-01   6.5010e-02   6.4997e-03   1.4999e+07   1.3960e+07   1.4026e+07   5.4973e+05
  2.5959e+00   2.6183e+00   9.6106e-01   5.8128e-02   5.5595e-03   2.1835e+07   2.0533e+07   2.0587e+07   8.0045e+05
  3.1623e+00   3.1897e+00   1.1585e+00   5.5230e-02   5.4897e-03   3.1983e+07   3.0159e+07   3.0238e+07   1.1722e+06
  3.8522e+00   3.8864e+00   1.3560e+00   4.9194e-02   4.9247e-03   4.6745e+07   4.4222e+07   4.4396e+07   1.7135e+06
  4.6928e+00   4.7356e+00   1.5536e+00   4.4180e-02   5.0638e-03   6.8274e+07   6.4915e+07   6.5160e+07   2.5034e+06
  5.7167e+00   5.7680e+00   1.7509e+00   3.7028e-02   4.8115e-03   9.9772e+07   9.4871e+07   9.5565e+07   3.6582e+06
  6.9640e+00   7.0271e+00   1.9483e+00   3.6066e-02   5.3648e-03   1.4564e+08   1.3892e+08   1.3977e+08   5.3406e+06
  8.4834e+00   8.5616e+00   2.1458e+00   3.1812e-02   5.0730e-03   2.1221e+08   2.0229e+08   2.0403e+08   7.7822e+06
  1.0334e+01   1.0430e+01   2.3432e+00   2.9090e-02   5.3402e-03   3.0810e+08   2.9462e+08   2.9707e+08   1.1301e+07
  1.2589e+01   1.2704e+01   2.5405e+00   2.4812e-02   5.3737e-03   4.4581e+08   4.2596e+08   4.3060e+08   1.6349e+07
  1.5336e+01   1.5477e+01   2.7379e+00   2.5773e-02   5.3398e-03   6.4231e+08   6.1456e+08   6.2051e+08   2.3558e+07
  1.8682e+01   1.8853e+01   2.9352e+00   1.8236e-02   5.0709e-03   9.1815e+08   8.7787e+08   8.9000e+08   3.3679e+07
  2.2758e+01   2.2965e+01   3.1325e+00   1.9688e-02   4.6134e-03   1.3037e+09   1.2478e+09   1.2634e+09   4.7822e+07
  2.7724e+01   2.7971e+01   3.3297e+00   1.3727e-02   4.9554e-03   1.8338e+09   1.7475e+09   1.7786e+09   6.7269e+07
  3.3773e+01   3.4063e+01   3.5268e+00   1.7291e-02   4.6452e-03   2.5480e+09   2.4349e+09   2.4704e+09   9.3469e+07
  4.1142e+01   4.1492e+01   3.7241e+00   9.1601e-03   4.8640e-03   3.4826e+09   3.3163e+09   3.3842e+09   1.2773e+08
  5.0119e+01   5.0527e+01   3.9210e+00   1.2594e-02   5.1067e-03   4.6678e+09   4.4777e+09   4.5446e+09   1.7119e+08
  6.1054e+01   6.1522e+01   4.1179e+00   1.1234e-02   5.7169e-03   6.1538e+09   5.8693e+09   5.9785e+09   2.2573e+08
  7.4375e+01   7.4898e+01   4.3147e+00   1.0984e-02   5.6364e-03   7.8657e+09   7.5664e+09   7.6745e+09   2.8856e+08
  9.0603e+01   9.1133e+01   4.5108e+00   4.8112e-03   5.0251e-03   9.5235e+09   9.2987e+09   9.3887e+09   3.4925e+08
