## {'tot': 1089453414.8254187, 'coords': 'spherical', 'metric': 'Euclidean', 'sep_units': 'arcmin', 'bin_type': 'Log'}
#   r_nom       meanr       meanlogr        xi        sigma_xi        DD           RR           DR         npairs   
  1.1037e-01   1.1040e-01  -2.2052e+00   1.3129e+00   9.0642e-01   5.5338e+02   2.3561e+02   2.3982e+02   1.4000e+01
  1.3445e-01   1.3490e-01  -2.0050e+00   6.6978e-01   4.7291e-01   5.6918e+02   3.4375e+02   3.4135e+02   1.6000e+01
  1.6379e-01   1.6393e-01  -1.8100e+00   1.4521e+00   4.7393e-01   1.2275e+03   5.0663e+02   4.9923e+02   3.1000e+01
  1.9953e-01   2.0207e-01  -1.6006e+00   1.4137e+00   2.9945e-01   1.7946e+03   7.4520e+02   7.4319e+02   4.9000e+01
  2.4306e-01   2.4153e-01  -1.4223e+00   5.3622e-01   2.4203e-01   1.6574e+03   1.0945e+03   1.0825e+03   4.6000e+01
  2.9609e-01   2.9734e-01  -1.2147e+00   8.2398e-01   2.0423e-01   2.9194e+03   1.6056e+03   1.6010e+03   7.9000e+01
  3.6070e-01   3.6322e-01  -1.0142e+00   3.9549e-01   1.6692e-01   3.2498e+03   2.3537e+03   2.3363e+03   8.5000e+01
  4.3940e-01   4.3776e-01  -8.2763e-01   4.7279e-01   1.3563e-01   5.0091e+03   3.4535e+03   3.4149e+03   1.3600e+02
  5.3527e-01   5.3965e-01  -6.1842e-01   5.4165e-01   9.9300e-02   7.7767e+03   5.0806e+03   5.0527e+03   2.1200e+02
  6.5206e-01   6.5377e-01  -4.2666e-01   3.7235e-01   9.9653e-02   1.0269e+04   7.4827e+03   7.4826e+03   2.7800e+02
  7.9433e-01   7.9679e-01  -2.2877e-01   3.3695e-01   8.8987e-02   1.4660e+04   1.1020e+04   1.0983e+04   4.0000e+02
  9.6764e-01   9.7447e-01  -2.7502e-02   2.2736e-01   5.9597e-02   1.9749e+04   1.6223e+04   1.6141e+04   5.3900e+02
  1.1788e+00   1.1911e+00   1.7339e-01   3.3905e-01   5.2795e-02   3.1974e+04   2.3908e+04   2.3888e+04   8.7800e+02
  1.4360e+00   1.4481e+00   3.6869e-01   2.3443e-01   4.3914e-02   4.3456e+04   3.5237e+04   3.5216e+04   1.1910e+03
  1.7493e+00   1.7625e+00   5.6519e-01   1.9532e-01   4.2612e-02   6.2429e+04   5.1762e+04   5.2040e+04   1.7380e+03
  2.1309e+00   2.1531e+00   7.6535e-01   1.5916e-01   3.3547e-02   8.8560e+04   7.6130e+04   7.6287e+04   2.4660e+03
  2.5959e+00   2.6148e+00   9.5969e-01   1.5699e-01   2.3024e-02   1.3018e+05   1.1207e+05   1.1233e+05   3.6610e+03
  3.1623e+00   3.1878e+00   1.1578e+00   1.4958e-01   2.7107e-02   1.9056e+05   1.6430e+05   1.6514e+05   5.3090e+03
  3.8522e+00   3.8865e+00   1.3560e+00   1.1030e-01   2.8371e-02   2.7042e+05   2.4164e+05   2.4271e+05   7.5090e+03
  4.6928e+00   4.7328e+00   1.5530e+00   7.1930e-02   1.8538e-02   3.8267e+05   3.5344e+05   3.5534e+05   1.0750e+04
  5.7167e+00   5.7617e+00   1.7497e+00   7.7159e-02   1.7550e-02   5.6243e+05   5.1949e+05   5.2092e+05   1.5791e+04
  6.9640e+00   7.0179e+00   1.9470e+00   5.5892e-02   1.5065e-02   8.1726e+05   7.6184e+05   7.6826e+05   2.2945e+04
  8.4834e+00   8.5509e+00   2.1445e+00   6.1215e-02   1.6974e-02   1.1975e+06   1.1150e+06   1.1221e+06   3.3701e+04
  1.0334e+01   1.0433e+01   2.3435e+00   5.2632e-02   1.8664e-02   1.7426e+06   1.6280e+06   1.6425e+06   4.8873e+04
  1.2589e+01   1.2699e+01   2.5400e+00   3.2095e-02   1.2374e-02   2.5105e+06   2.3904e+06   2.4121e+06   7.0501e+04
  1.5336e+01   1.5473e+01   2.7376e+00   3.4777e-02   1.5305e-02   3.6773e+06   3.4928e+06   3.5243e+06   1.0323e+05
  1.8682e+01   1.8848e+01   2.9350e+00   2.7211e-02   1.4300e-02   5.3362e+06   5.0745e+06   5.1363e+06   1.4969e+05
  2.2758e+01   2.2949e+01   3.1318e+00   2.6370e-02   1.6045e-02   7.7715e+06   7.3445e+06   7.4612e+06   2.1750e+05
  2.7724e+01   2.7970e+01   3.3297e+00   1.6600e-02   1.7400e-02   1.1187e+07   1.0660e+07   1.0835e+07   3.1360e+05
  3.3773e+01   3.4060e+01   3.5267e+00   1.3141e-02   1.2997e-02   1.6048e+07   1.5274e+07   1.5561e+07   4.4972e+05
  4.1142e+01   4.1492e+01   3.7240e+00   8.2575e-03   1.2230e-02   2.2676e+07   2.1656e+07   2.2076e+07   6.3538e+05
  5.0119e+01   5.0560e+01   3.9217e+00   8.6250e-03   1.0038e-02   3.1589e+07   3.0125e+07   3.0727e+07   8.8466e+05
  6.1054e+01   6.1553e+01   4.1184e+00  -8.0828e-04   5.8133e-03   4.2829e+07   4.1320e+07   4.2091e+07   1.1991e+06
  7.4375e+01   7.4945e+01   4.3153e+00   1.3462e-03   4.3957e-03   5.7279e+07   5.5071e+07   5.6138e+07   1.6053e+06
  9.0603e+01   9.1241e+01   4.5121e+00  -8.5621e-03   5.2750e-03   7.3454e+07   7.0732e+07   7.2396e+07   2.0602e+06
