## {'tot': 851699850674.7373, 'coords': 'spherical', 'metric': 'Euclidean', 'sep_units': 'arcmin', 'bin_type': 'Log'}
#   r_nom       meanr       meanlogr        xi        sigma_xi        DD           RR           DR         npairs   
  1.1037e-01   1.1101e-01  -2.1997e+00   2.0122e-01   1.5505e-02   3.2798e+05   2.7477e+05   2.7373e+05   7.6460e+03
  1.3445e-01   1.3535e-01  -2.0015e+00   1.4553e-01   1.0973e-02   4.5874e+05   4.0190e+05   4.0108e+05   1.0743e+04
  1.6379e-01   1.6488e-01  -1.8041e+00   1.4033e-01   9.2902e-03   6.7527e+05   5.9377e+05   5.9286e+05   1.5840e+04
  1.9953e-01   2.0105e-01  -1.6058e+00   1.0525e-01   9.5490e-03   9.6614e+05   8.7712e+05   8.7547e+05   2.2648e+04
  2.4306e-01   2.4491e-01  -1.4084e+00   9.8537e-02   7.0035e-03   1.4175e+06   1.2944e+06   1.2922e+06   3.3253e+04
  2.9609e-01   2.9861e-01  -1.2102e+00   7.9184e-02   5.1852e-03   2.0622e+06   1.9085e+06   1.9098e+06   4.8322e+04
  3.6070e-01   3.6359e-01  -1.0133e+00   6.8501e-02   5.3144e-03   3.0046e+06   2.8118e+06   2.8119e+06   7.0450e+04
  4.3940e-01   4.4302e-01  -8.1567e-01   5.4542e-02   3.6923e-03   4.3699e+06   4.1442e+06   4.1440e+06   1.0263e+05
  5.3527e-01   5.3953e-01  -6.1857e-01   4.6031e-02   3.5035e-03   6.4062e+06   6.1134e+06   6.1191e+06   1.5066e+05
  6.5206e-01   6.5749e-01  -4.2083e-01   4.2873e-02   3.0460e-03   9.4245e+06   9.0209e+06   9.0293e+06   2.2147e+05
  7.9433e-01   8.0079e-01  -2.2365e-01   3.8702e-02   2.9451e-03   1.3834e+07   1.3319e+07   1.3319e+07   3.2515e+05
  9.6764e-01   9.7582e-01  -2.5965e-02   3.2941e-02   2.0576e-03   2.0331e+07   1.9665e+07   1.9674e+07   4.7772e+05
  1.1788e+00   1.1889e+00   1.7158e-01   2.5945e-02   2.3959e-03   2.9801e+07   2.8974e+07   2.9012e+07   7.0115e+05
  1.4360e+00   1.4482e+00   3.6887e-01   1.9109e-02   2.4400e-03   4.3786e+07   4.2662e+07   4.2816e+07   1.0298e+06
  1.7493e+00   1.7645e+00   5.6637e-01   1.9688e-02   1.9464e-03   6.4237e+07   6.2956e+07   6.2977e+07   1.5113e+06
  2.1309e+00   2.1497e+00   7.6384e-01   1.6741e-02   1.6406e-03   9.4302e+07   9.2553e+07   9.2653e+07   2.2199e+06
  2.5959e+00   2.6191e+00   9.6138e-01   1.2366e-02   1.6939e-03   1.3825e+08   1.3601e+08   1.3629e+08   3.2534e+06
  3.1623e+00   3.1905e+00   1.1587e+00   1.4627e-02   1.4979e-03   2.0265e+08   2.0013e+08   1.9992e+08   4.7687e+06
  3.8522e+00   3.8869e+00   1.3561e+00   6.0443e-03   1.4897e-03   2.9673e+08   2.9259e+08   2.9378e+08   6.9810e+06
  4.6928e+00   4.7352e+00   1.5536e+00   1.1651e-02   1.5616e-03   4.3515e+08   4.3116e+08   4.3064e+08   1.0239e+07
  5.7167e+00   5.7695e+00   1.7511e+00   8.0568e-03   1.3824e-03   6.3714e+08   6.3047e+08   6.3127e+08   1.4991e+07
  6.9640e+00   7.0292e+00   1.9486e+00   1.0785e-02   1.4116e-03   9.3074e+08   9.2361e+08   9.2219e+08   2.1902e+07
  8.4834e+00   8.5629e+00   2.1460e+00   1.1514e-03   1.5138e-03   1.3576e+09   1.3434e+09   1.3497e+09   3.1952e+07
  1.0334e+01   1.0432e+01   2.3435e+00   1.0522e-02   1.2024e-03   1.9868e+09   1.9743e+09   1.9702e+09   4.6766e+07
  1.2589e+01   1.2711e+01   2.5410e+00   9.9583e-04   1.0548e-03   2.8960e+09   2.8731e+09   2.8831e+09   6.8190e+07
  1.5336e+01   1.5481e+01   2.7382e+00   8.2570e-03   8.5826e-04   4.2108e+09   4.2031e+09   4.1896e+09   9.9175e+07
  1.8682e+01   1.8862e+01   2.9357e+00   2.2628e-04   1.1415e-03   6.1442e+09   6.0694e+09   6.1061e+09   1.4476e+08
  2.2758e+01   2.2979e+01   3.1331e+00   3.1621e-03   1.1757e-03   8.8919e+09   8.8774e+09   8.8706e+09   2.0953e+08
  2.7724e+01   2.7995e+01   3.3306e+00   3.7484e-05   9.4302e-04   1.2884e+10   1.2762e+10   1.2823e+10   3.0359e+08
  3.3773e+01   3.4088e+01   3.5275e+00   2.7300e-03   8.3567e-04   1.8421e+10   1.8439e+10   1.8405e+10   4.3396e+08
  4.1142e+01   4.1515e+01   3.7246e+00  -9.3947e-04   9.5291e-04   2.6282e+10   2.6024e+10   2.6166e+10   6.1932e+08
  5.0119e+01   5.0563e+01   3.9218e+00   7.1663e-04   1.0422e-03   3.6426e+10   3.6352e+10   3.6376e+10   8.5888e+08
  6.1054e+01   6.1582e+01   4.1189e+00  -4.0990e-04   9.8543e-04   4.9452e+10   4.9210e+10   4.9341e+10   1.1663e+09
  7.4375e+01   7.4945e+01   4.3153e+00  -2.0223e-04   1.6787e-03   6.5083e+10   6.5208e+10   6.5152e+10   1.5348e+09
  9.0603e+01   9.1221e+01   4.5118e+00  -5.5058e-04   9.4349e-04   8.2056e+10   8.2553e+10   8.2327e+10   1.9357e+09
