## {'tot': 660547069.4341496, 'coords': 'spherical', 'metric': 'Euclidean', 'sep_units': 'arcmin', 'bin_type': 'Log'}
#   r_nom       meanr       meanlogr        xi        sigma_xi        DD           RR           DR         npairs   
  1.1037e-01   1.1501e-01  -2.1635e+00   1.0421e-01   4.6787e-01   2.3810e+02   2.1310e+02   2.1450e+02   7.0000e+00
  1.3445e-01   1.3404e-01  -2.0116e+00   9.4549e-01   6.0802e-01   6.0570e+02   3.1170e+02   3.1135e+02   1.6000e+01
  1.6379e-01   1.6779e-01  -1.7865e+00   9.5190e-01   4.5692e-01   9.0367e+02   4.6051e+02   4.6291e+02   2.3000e+01
  1.9953e-01   2.0177e-01  -1.6020e+00   6.0905e-01   2.8761e-01   1.0933e+03   6.8027e+02   6.7961e+02   3.1000e+01
  2.4306e-01   2.4481e-01  -1.4086e+00   8.6364e-01   2.5226e-01   1.8667e+03   1.0039e+03   1.0018e+03   5.2000e+01
  2.9609e-01   2.9710e-01  -1.2152e+00   9.5205e-01   2.7235e-01   2.8546e+03   1.4802e+03   1.4628e+03   7.5000e+01
  3.6070e-01   3.6222e-01  -1.0171e+00   3.4872e-01   1.8883e-01   2.9243e+03   2.1807e+03   2.1723e+03   8.1000e+01
  4.3940e-01   4.4370e-01  -8.1406e-01   5.2607e-01   1.1257e-01   4.8877e+03   3.2141e+03   3.2055e+03   1.4000e+02
  5.3527e-01   5.4227e-01  -6.1336e-01   3.9907e-01   1.5018e-01   6.6010e+03   4.7413e+03   4.7251e+03   1.7500e+02
  6.5206e-01   6.5427e-01  -4.2586e-01   3.5189e-01   7.7941e-02   9.4433e+03   6.9963e+03   6.9888e+03   2.5200e+02
  7.9433e-01   7.9814e-01  -2.2702e-01   3.5761e-01   8.6464e-02   1.3899e+04   1.0330e+04   1.0267e+04   3.7100e+02
  9.6764e-01   9.7651e-01  -2.5390e-02   2.2578e-01   5.2348e-02   1.8647e+04   1.5252e+04   1.5227e+04   5.0000e+02
  1.1788e+00   1.1826e+00   1.6615e-01   2.4823e-01   5.3448e-02   2.8034e+04   2.2471e+04   2.2464e+04   7.7500e+02
  1.4360e+00   1.4463e+00   3.6748e-01   2.2832e-01   3.4151e-02   4.0865e+04   3.3087e+04   3.3199e+04   1.1080e+03
  1.7493e+00   1.7605e+00   5.6404e-01   2.0505e-01   3.4562e-02   5.8651e+04   4.8826e+04   4.8733e+04   1.6030e+03
  2.1309e+00   2.1490e+00   7.6354e-01   1.4586e-01   3.2556e-02   8.2357e+04   7.1781e+04   7.1834e+04   2.2570e+03
  2.5959e+00   2.6134e+00   9.5912e-01   1.1388e-01   2.4741e-02   1.1725e+05   1.0548e+05   1.0536e+05   3.2310e+03
  3.1623e+00   3.1833e+00   1.1564e+00   1.0143e-01   2.2059e-02   1.7107e+05   1.5521e+05   1.5527e+05   4.6930e+03
  3.8522e+00   3.8821e+00   1.3548e+00   1.1612e-01   2.1642e-02   2.5361e+05   2.2693e+05   2.2709e+05   7.0300e+03
  4.6928e+00   4.7339e+00   1.5533e+00   6.5313e-02   1.9393e-02   3.5433e+05   3.3439e+05   3.3344e+05   9.8400e+03
  5.7167e+00   5.7626e+00   1.7499e+00   6.6690e-02   1.5560e-02   5.2009e+05   4.8897e+05   4.8822e+05   1.4427e+04
  6.9640e+00   7.0193e+00   1.9472e+00   5.6453e-02   1.3825e-02   7.4901e+05   7.1631e+05   7.1244e+05   2.0752e+04
  8.4834e+00   8.5607e+00   2.1457e+00   4.4884e-02   1.5643e-02   1.0825e+06   1.0419e+06   1.0388e+06   3.0105e+04
  1.0334e+01   1.0421e+01   2.3424e+00   2.6508e-02   1.1608e-02   1.5606e+06   1.5312e+06   1.5256e+06   4.3369e+04
  1.2589e+01   1.2695e+01   2.5398e+00   2.6431e-02   1.3259e-02   2.2872e+06   2.2283e+06   2.2283e+06   6.3919e+04
  1.5336e+01   1.5472e+01   2.7376e+00   2.4118e-02   1.2324e-02   3.3292e+06   3.2597e+06   3.2552e+06   9.3029e+04
  1.8682e+01   1.8854e+01   2.9353e+00   2.4672e-02   1.1889e-02   4.8694e+06   4.7072e+06   4.7303e+06   1.3583e+05
  2.2758e+01   2.2965e+01   3.1325e+00   2.5539e-02   1.2693e-02   7.0669e+06   6.8850e+06   6.8880e+06   1.9684e+05
  2.7724e+01   2.7974e+01   3.3298e+00   2.1355e-02   1.0293e-02   1.0266e+07   9.8977e+06   9.9763e+06   2.8588e+05
  3.3773e+01   3.4079e+01   3.5272e+00   1.1905e-02   9.0463e-03   1.4717e+07   1.4301e+07   1.4424e+07   4.1001e+05
  4.1142e+01   4.1501e+01   3.7243e+00   5.4332e-03   1.0010e-02   2.0926e+07   2.0184e+07   2.0500e+07   5.8331e+05
  5.0119e+01   5.0544e+01   3.9214e+00   4.6708e-03   8.3373e-03   2.9228e+07   2.8193e+07   2.8645e+07   8.1521e+05
  6.1054e+01   6.1537e+01   4.1182e+00   6.6472e-03   6.2954e-03   4.0285e+07   3.8165e+07   3.9098e+07   1.1217e+06
  7.4375e+01   7.4938e+01   4.3152e+00   1.9249e-03   6.1848e-03   5.3611e+07   5.0573e+07   5.2043e+07   1.4935e+06
  9.0603e+01   9.1199e+01   4.5116e+00  -8.6096e-03   8.3106e-03   6.6195e+07   6.4025e+07   6.5386e+07   1.8445e+06
