## {'tot': 5885706325.169005, 'coords': 'spherical', 'metric': 'Euclidean', 'sep_units': 'arcmin', 'bin_type': 'Log'}
#   r_nom       meanr       meanlogr        xi        sigma_xi        DD           RR           DR         npairs   
  1.1037e-01   1.1108e-01  -2.1991e+00   7.3666e-01   2.3153e-01   3.2779e+03   1.8988e+03   1.8890e+03   8.1000e+01
  1.3445e-01   1.3514e-01  -2.0033e+00   8.5206e-01   1.9986e-01   5.0859e+03   2.7774e+03   2.7484e+03   1.2400e+02
  1.6379e-01   1.6624e-01  -1.7959e+00   7.4652e-01   1.7142e-01   7.1228e+03   4.1033e+03   4.0815e+03   1.7200e+02
  1.9953e-01   2.0182e-01  -1.6019e+00   4.9699e-01   9.6701e-02   9.0471e+03   6.0614e+03   6.0480e+03   2.1900e+02
  2.4306e-01   2.4384e-01  -1.4128e+00   4.7036e-01   1.0127e-01   1.3150e+04   8.9449e+03   8.9440e+03   3.2000e+02
  2.9609e-01   2.9825e-01  -1.2113e+00   3.8802e-01   5.8134e-02   1.8056e+04   1.3189e+04   1.3064e+04   4.4900e+02
  3.6070e-01   3.6421e-01  -1.0115e+00   2.9816e-01   6.8591e-02   2.5034e+04   1.9431e+04   1.9336e+04   6.0600e+02
  4.3940e-01   4.4175e-01  -8.1857e-01   2.9764e-01   4.1279e-02   3.6975e+04   2.8639e+04   2.8545e+04   9.0300e+02
  5.3527e-01   5.3924e-01  -6.1920e-01   3.2706e-01   3.3345e-02   5.6012e+04   4.2247e+04   4.2221e+04   1.3650e+03
  6.5206e-01   6.5795e-01  -4.2024e-01   2.2143e-01   3.0225e-02   7.5568e+04   6.2340e+04   6.2052e+04   1.8730e+03
  7.9433e-01   7.9987e-01  -2.2487e-01   1.6725e-01   3.1637e-02   1.0706e+05   9.2042e+04   9.1852e+04   2.6360e+03
  9.6764e-01   9.7487e-01  -2.7030e-02   1.5364e-01   2.5583e-02   1.5614e+05   1.3590e+05   1.3558e+05   3.8660e+03
  1.1788e+00   1.1901e+00   1.7247e-01   1.3967e-01   1.9076e-02   2.2738e+05   2.0023e+05   1.9982e+05   5.5970e+03
  1.4360e+00   1.4452e+00   3.6671e-01   9.2450e-02   1.7876e-02   3.2271e+05   2.9482e+05   2.9514e+05   8.0260e+03
  1.7493e+00   1.7622e+00   5.6499e-01   9.7797e-02   1.8904e-02   4.7413e+05   4.3506e+05   4.3332e+05   1.1827e+04
  2.1309e+00   2.1476e+00   7.6282e-01   8.5763e-02   1.3700e-02   6.8947e+05   6.3959e+05   6.3711e+05   1.7124e+04
  2.5959e+00   2.6158e+00   9.6005e-01   5.9070e-02   1.2209e-02   9.9470e+05   9.3988e+05   9.3953e+05   2.4820e+04
  3.1623e+00   3.1874e+00   1.1577e+00   4.2296e-02   1.1684e-02   1.4310e+06   1.3830e+06   1.3778e+06   3.5716e+04
  3.8522e+00   3.8842e+00   1.3554e+00   3.0771e-02   9.2089e-03   2.0798e+06   2.0220e+06   2.0198e+06   5.2094e+04
  4.6928e+00   4.7311e+00   1.5527e+00   3.9292e-02   7.4226e-03   3.0646e+06   2.9796e+06   2.9635e+06   7.6708e+04
  5.7167e+00   5.7671e+00   1.7507e+00   2.6194e-02   6.9306e-03   4.4393e+06   4.3569e+06   4.3410e+06   1.1131e+05
  6.9640e+00   7.0258e+00   1.9481e+00   3.2414e-02   6.7152e-03   6.4853e+06   6.3826e+06   6.3305e+06   1.6231e+05
  8.4834e+00   8.5552e+00   2.1451e+00   1.5368e-02   6.0398e-03   9.3514e+06   9.2835e+06   9.2461e+06   2.3453e+05
  1.0334e+01   1.0426e+01   2.3428e+00   1.7384e-02   5.6136e-03   1.3666e+07   1.3643e+07   1.3536e+07   3.4274e+05
  1.2589e+01   1.2701e+01   2.5402e+00   1.0163e-02   4.6665e-03   1.9898e+07   1.9855e+07   1.9776e+07   4.9942e+05
  1.5336e+01   1.5472e+01   2.7376e+00   6.7169e-03   3.9114e-03   2.8925e+07   2.9046e+07   2.8888e+07   7.2685e+05
  1.8682e+01   1.8850e+01   2.9350e+00  -1.5006e-03   3.4363e-03   4.2102e+07   4.1943e+07   4.2054e+07   1.0571e+06
  2.2758e+01   2.2963e+01   3.1324e+00   2.2077e-03   3.0099e-03   6.1062e+07   6.1348e+07   6.1137e+07   1.5337e+06
  2.7724e+01   2.7978e+01   3.3300e+00   1.1686e-03   3.5571e-03   8.8408e+07   8.8192e+07   8.8249e+07   2.2218e+06
  3.3773e+01   3.4086e+01   3.5275e+00   3.0969e-04   2.4211e-03   1.2748e+08   1.2743e+08   1.2744e+08   3.2039e+06
  4.1142e+01   4.1511e+01   3.7245e+00  -2.9552e-03   3.5361e-03   1.8135e+08   1.7984e+08   1.8086e+08   4.5564e+06
  5.0119e+01   5.0558e+01   3.9217e+00  -1.5201e-03   2.5020e-03   2.5206e+08   2.5121e+08   2.5182e+08   6.3356e+06
  6.1054e+01   6.1560e+01   4.1185e+00  -2.7626e-03   3.3566e-03   3.4357e+08   3.4007e+08   3.4229e+08   8.6351e+06
  7.4375e+01   7.4943e+01   4.3153e+00   3.5237e-03   2.4197e-03   4.5855e+08   4.5063e+08   4.5380e+08   1.1518e+07
  9.0603e+01   9.1215e+01   4.5117e+00  -1.4344e-03   3.3528e-03   5.7301e+08   5.7049e+08   5.7216e+08   1.4393e+07
