## {'tot': 38774111247.25308, 'coords': 'spherical', 'metric': 'Euclidean', 'sep_units': 'arcmin', 'bin_type': 'Log'}
#   r_nom       meanr       meanlogr        xi        sigma_xi        DD           RR           DR         npairs   
  1.1037e-01   1.1090e-01  -2.2008e+00   3.6012e-01   8.5654e-02   1.6978e+04   1.2509e+04   1.2491e+04   3.7200e+02
  1.3445e-01   1.3571e-01  -1.9988e+00   4.0845e-01   6.2045e-02   2.5798e+04   1.8297e+04   1.8311e+04   5.5700e+02
  1.6379e-01   1.6522e-01  -1.8020e+00   3.6109e-01   5.4163e-02   3.6724e+04   2.7032e+04   2.6998e+04   7.9700e+02
  1.9953e-01   2.0116e-01  -1.6053e+00   3.3118e-01   4.5049e-02   5.3289e+04   3.9932e+04   3.9998e+04   1.1700e+03
  2.4306e-01   2.4437e-01  -1.4106e+00   3.2295e-01   3.3464e-02   7.8005e+04   5.8928e+04   5.8951e+04   1.7280e+03
  2.9609e-01   2.9799e-01  -1.2122e+00   2.4723e-01   2.8186e-02   1.0790e+05   8.6886e+04   8.6652e+04   2.4030e+03
  3.6070e-01   3.6360e-01  -1.0132e+00   2.1336e-01   2.1274e-02   1.5488e+05   1.2801e+05   1.2779e+05   3.4580e+03
  4.3940e-01   4.4218e-01  -8.1761e-01   1.9841e-01   2.2551e-02   2.2588e+05   1.8867e+05   1.8856e+05   5.1230e+03
  5.3527e-01   5.3994e-01  -6.1784e-01   1.5177e-01   1.6292e-02   3.1905e+05   2.7832e+05   2.7757e+05   7.1800e+03
  6.5206e-01   6.5717e-01  -4.2136e-01   1.5564e-01   1.4202e-02   4.7450e+05   4.1068e+05   4.1063e+05   1.0675e+04
  7.9433e-01   8.0005e-01  -2.2462e-01   9.0933e-02   1.2100e-02   6.6185e+05   6.0636e+05   6.0653e+05   1.4883e+04
  9.6764e-01   9.7482e-01  -2.7033e-02   9.9089e-02   1.2790e-02   9.8171e+05   8.9527e+05   8.9413e+05   2.2204e+04
  1.1788e+00   1.1877e+00   1.7052e-01   8.7569e-02   1.0868e-02   1.4330e+06   1.3191e+06   1.3183e+06   3.2481e+04
  1.4360e+00   1.4478e+00   3.6854e-01   5.7918e-02   9.5702e-03   2.0628e+06   1.9422e+06   1.9463e+06   4.6802e+04
  1.7493e+00   1.7633e+00   5.6569e-01   5.0167e-02   6.3728e-03   2.9932e+06   2.8661e+06   2.8578e+06   6.8157e+04
  2.1309e+00   2.1480e+00   7.6304e-01   4.7583e-02   7.2323e-03   4.4059e+06   4.2135e+06   4.2095e+06   1.0018e+05
  2.5959e+00   2.6180e+00   9.6092e-01   3.8518e-02   6.4202e-03   6.4159e+06   6.1918e+06   6.1846e+06   1.4616e+05
  3.1623e+00   3.1892e+00   1.1583e+00   3.0914e-02   6.0216e-03   9.3300e+06   9.1110e+06   9.0797e+06   2.1275e+05
  3.8522e+00   3.8858e+00   1.3558e+00   2.2920e-02   4.7871e-03   1.3622e+07   1.3321e+07   1.3318e+07   3.1101e+05
  4.6928e+00   4.7338e+00   1.5533e+00   1.8057e-02   3.6840e-03   1.9771e+07   1.9629e+07   1.9523e+07   4.5151e+05
  5.7167e+00   5.7661e+00   1.7505e+00   1.1483e-02   3.8466e-03   2.8879e+07   2.8702e+07   2.8626e+07   6.6006e+05
  6.9640e+00   7.0248e+00   1.9480e+00   1.5362e-02   3.8915e-03   4.2134e+07   4.2048e+07   4.1768e+07   9.6359e+05
  8.4834e+00   8.5583e+00   2.1454e+00   6.0574e-03   4.1465e-03   6.1222e+07   6.1158e+07   6.1005e+07   1.4007e+06
  1.0334e+01   1.0427e+01   2.3430e+00   1.0918e-02   3.2917e-03   8.9579e+07   8.9880e+07   8.9239e+07   2.0505e+06
  1.2589e+01   1.2705e+01   2.5405e+00   9.6037e-03   3.4304e-03   1.3107e+08   1.3080e+08   1.3031e+08   2.9999e+06
  1.5336e+01   1.5479e+01   2.7380e+00   8.4138e-03   2.3925e-03   1.9078e+08   1.9135e+08   1.9026e+08   4.3684e+06
  1.8682e+01   1.8856e+01   2.9354e+00   1.1972e-03   2.5217e-03   2.7806e+08   2.7631e+08   2.7702e+08   6.3674e+06
  2.2758e+01   2.2972e+01   3.1329e+00   5.4353e-03   2.4338e-03   4.0287e+08   4.0415e+08   4.0241e+08   9.2319e+06
  2.7724e+01   2.7982e+01   3.3301e+00  -2.7075e-03   2.2429e-03   5.8093e+08   5.8100e+08   5.8175e+08   1.3313e+07
  3.3773e+01   3.4082e+01   3.5273e+00   4.2411e-03   2.2782e-03   8.3489e+08   8.3947e+08   8.3540e+08   1.9140e+07
  4.1142e+01   4.1512e+01   3.7245e+00  -5.2066e-03   1.9254e-03   1.1846e+09   1.1848e+09   1.1878e+09   2.7171e+07
  5.0119e+01   5.0557e+01   3.9217e+00   1.6618e-03   1.6206e-03   1.6455e+09   1.6549e+09   1.6488e+09   3.7751e+07
  6.1054e+01   6.1577e+01   4.1188e+00  -1.4379e-03   2.1042e-03   2.2402e+09   2.2403e+09   2.2419e+09   5.1430e+07
  7.4375e+01   7.4939e+01   4.3152e+00  -7.4248e-04   2.4776e-03   2.9556e+09   2.9686e+09   2.9632e+09   6.7844e+07
  9.0603e+01   9.1236e+01   4.5120e+00  -2.5103e-03   1.8549e-03   3.7230e+09   3.7583e+09   3.7454e+09   8.5386e+07
