## {'tot': 25652526.323814224, 'coords': 'spherical', 'metric': 'Euclidean', 'sep_units': 'arcmin', 'bin_type': 'Log'}
#   r_nom       meanr       meanlogr        xi        sigma_xi        DD           RR           DR         npairs   
  1.1037e-01   1.1037e-01  -2.2039e+00  -9.5854e-01   4.3182e-02   0.0000e+00   8.2759e+00   8.1043e+00   0.0000e+00
  1.3445e-01   1.3445e-01  -2.0065e+00  -9.9237e-01   3.8183e-02   0.0000e+00   1.2105e+01   1.2059e+01   0.0000e+00
  1.6379e-01   1.6379e-01  -1.8092e+00  -1.0292e+00   3.1901e-02   0.0000e+00   1.7884e+01   1.8145e+01   0.0000e+00
  1.9953e-01   2.0950e-01  -1.5644e+00   2.0087e+00   1.6716e+00   7.8426e+01   2.6418e+01   2.5888e+01   3.0000e+00
  2.4306e-01   2.4306e-01  -1.4144e+00  -1.0193e+00   1.7337e-02   0.0000e+00   3.8986e+01   3.9363e+01   0.0000e+00
  2.9609e-01   2.9580e-01  -1.2187e+00   2.9400e-01   8.9852e-01   7.2919e+01   5.7483e+01   5.6751e+01   2.0000e+00
  3.6070e-01   3.5533e-01  -1.0367e+00   8.1729e-01   6.9735e-01   1.5414e+02   8.4690e+01   8.4808e+01   5.0000e+00
  4.3940e-01   4.5055e-01  -7.9896e-01   1.5694e+00   8.7793e-01   3.1697e+02   1.2482e+02   1.2295e+02   9.0000e+00
  5.3527e-01   5.3536e-01  -6.2683e-01   1.2426e+00   8.8874e-01   4.1113e+02   1.8413e+02   1.8323e+02   1.2000e+01
  6.5206e-01   6.3083e-01  -4.6245e-01   7.3780e-02   4.1628e-01   2.8875e+02   2.7170e+02   2.7020e+02   9.0000e+00
  7.9433e-01   8.0383e-01  -2.1987e-01   8.8172e-01   4.7558e-01   7.5553e+02   4.0116e+02   4.0149e+02   2.4000e+01
  9.6764e-01   9.7270e-01  -2.9755e-02   4.6306e-01   3.1003e-01   8.5905e+02   5.9230e+02   5.8854e+02   2.5000e+01
  1.1788e+00   1.1781e+00   1.6230e-01   5.3479e-01   2.1763e-01   1.3362e+03   8.7268e+02   8.7107e+02   4.3000e+01
  1.4360e+00   1.4346e+00   3.5906e-01   4.0225e-01   1.9534e-01   1.8109e+03   1.2849e+03   1.2895e+03   5.4000e+01
  1.7493e+00   1.7554e+00   5.6115e-01   3.2978e-01   1.4356e-01   2.5135e+03   1.8962e+03   1.8922e+03   7.6000e+01
  2.1309e+00   2.1517e+00   7.6490e-01   4.9361e-01   1.4425e-01   4.1635e+03   2.7876e+03   2.7876e+03   1.2700e+02
  2.5959e+00   2.6250e+00   9.6352e-01   4.3914e-01   1.1732e-01   5.9397e+03   4.0964e+03   4.1186e+03   1.8200e+02
  3.1623e+00   3.2008e+00   1.1617e+00   1.5606e-01   1.2252e-01   7.0077e+03   6.0277e+03   6.0474e+03   2.1300e+02
  3.8522e+00   3.8783e+00   1.3538e+00   3.9162e-01   1.1330e-01   1.2361e+04   8.8127e+03   8.8611e+03   3.8100e+02
  4.6928e+00   4.7473e+00   1.5560e+00   3.0646e-01   8.6160e-02   1.6963e+04   1.2986e+04   1.2985e+04   5.1400e+02
  5.7167e+00   5.7618e+00   1.7497e+00   2.8928e-01   1.1915e-01   2.4562e+04   1.8989e+04   1.9029e+04   7.5700e+02
  6.9640e+00   7.0087e+00   1.9456e+00   2.7108e-01   7.9352e-02   3.5462e+04   2.7818e+04   2.7870e+04   1.1060e+03
  8.4834e+00   8.5245e+00   2.1414e+00   2.2362e-01   5.7888e-02   4.9774e+04   4.0462e+04   4.0594e+04   1.5220e+03
  1.0334e+01   1.0433e+01   2.3435e+00   1.5048e-01   4.7746e-02   6.8766e+04   5.9464e+04   5.9641e+04   2.1150e+03
  1.2589e+01   1.2700e+01   2.5401e+00   1.4145e-01   6.2724e-02   9.9855e+04   8.6535e+04   8.7075e+04   3.0900e+03
  1.5336e+01   1.5433e+01   2.7350e+00   1.6453e-01   4.9450e-02   1.5012e+05   1.2659e+05   1.2794e+05   4.6320e+03
  1.8682e+01   1.8839e+01   2.9345e+00   1.4036e-01   5.0021e-02   2.1374e+05   1.8281e+05   1.8544e+05   6.6150e+03
  2.2758e+01   2.2947e+01   3.1317e+00   9.4342e-02   4.4115e-02   3.0105e+05   2.6738e+05   2.7160e+05   9.3550e+03
  2.7724e+01   2.7983e+01   3.3302e+00   1.1948e-01   3.7185e-02   4.4868e+05   3.8438e+05   3.9357e+05   1.3848e+04
  3.3773e+01   3.4054e+01   3.5265e+00   8.1352e-02   3.3160e-02   6.3194e+05   5.5538e+05   5.7107e+05   1.9545e+04
  4.1142e+01   4.1465e+01   3.7234e+00   6.5748e-02   3.3367e-02   8.9157e+05   7.8384e+05   8.1194e+05   2.7572e+04
  5.0119e+01   5.0539e+01   3.9213e+00   5.2625e-02   3.3436e-02   1.2507e+06   1.0949e+06   1.1440e+06   3.8632e+04
  6.1054e+01   6.1574e+01   4.1188e+00   3.3684e-02   2.8942e-02   1.6929e+06   1.4822e+06   1.5625e+06   5.2209e+04
  7.4375e+01   7.4887e+01   4.3145e+00  -2.2192e-02   1.7472e-02   2.1660e+06   1.9640e+06   2.0868e+06   6.6734e+04
  9.0603e+01   9.1121e+01   4.5107e+00  -1.3042e-02   2.0328e-02   2.7041e+06   2.4864e+06   2.6115e+06   8.3437e+04
