## {'tot': 202644984156.18405, 'coords': 'spherical', 'metric': 'Euclidean', 'sep_units': 'arcmin', 'bin_type': 'Log'}
#   r_nom       meanr       meanlogr        xi        sigma_xi        DD           RR           DR         npairs   
  1.1037e-01   1.1119e-01  -2.1980e+00   2.9726e-01   3.1731e-02   8.4769e+04   6.5376e+04   6.5356e+04   1.7730e+03
  1.3445e-01   1.3563e-01  -1.9994e+00   2.4779e-01   2.9683e-02   1.1909e+05   9.5625e+04   9.5511e+04   2.4910e+03
  1.6379e-01   1.6504e-01  -1.8031e+00   2.3763e-01   2.3009e-02   1.7450e+05   1.4128e+05   1.4110e+05   3.6640e+03
  1.9953e-01   2.0095e-01  -1.6063e+00   2.1373e-01   1.8571e-02   2.5192e+05   2.0869e+05   2.0801e+05   5.3380e+03
  2.4306e-01   2.4455e-01  -1.4099e+00   1.7675e-01   1.4685e-02   3.5914e+05   3.0797e+05   3.0634e+05   7.5800e+03
  2.9609e-01   2.9842e-01  -1.2108e+00   1.5349e-01   1.1705e-02   5.2245e+05   4.5409e+05   4.5342e+05   1.1069e+04
  3.6070e-01   3.6365e-01  -1.0131e+00   1.4217e-01   1.0669e-02   7.6122e+05   6.6902e+05   6.6756e+05   1.6100e+04
  4.3940e-01   4.4274e-01  -8.1631e-01   1.1138e-01   8.0384e-03   1.0948e+06   9.8603e+05   9.8552e+05   2.3257e+04
  5.3527e-01   5.3939e-01  -6.1888e-01   9.1323e-02   9.6854e-03   1.5861e+06   1.4546e+06   1.4539e+06   3.3821e+04
  6.5206e-01   6.5743e-01  -4.2095e-01   7.5263e-02   6.6611e-03   2.3052e+06   2.1464e+06   2.1450e+06   4.9212e+04
  7.9433e-01   8.0092e-01  -2.2351e-01   7.0023e-02   6.0164e-03   3.3892e+06   3.1690e+06   3.1681e+06   7.2202e+04
  9.6764e-01   9.7569e-01  -2.6123e-02   5.9583e-02   4.8551e-03   4.9522e+06   4.6789e+06   4.6762e+06   1.0566e+05
  1.1788e+00   1.1883e+00   1.7104e-01   4.9207e-02   3.9945e-03   7.2404e+06   6.8938e+06   6.8975e+06   1.5463e+05
  1.4360e+00   1.4480e+00   3.6866e-01   4.4463e-02   3.8904e-03   1.0650e+07   1.0151e+07   1.0174e+07   2.2768e+05
  1.7493e+00   1.7636e+00   5.6591e-01   3.4202e-02   3.3175e-03   1.5446e+07   1.4979e+07   1.4956e+07   3.3055e+05
  2.1309e+00   2.1495e+00   7.6374e-01   2.7683e-02   2.9770e-03   2.2627e+07   2.2021e+07   2.2019e+07   4.8516e+05
  2.5959e+00   2.6183e+00   9.6105e-01   2.0760e-02   2.7950e-03   3.3083e+07   3.2360e+07   3.2386e+07   7.0908e+05
  3.1623e+00   3.1898e+00   1.1585e+00   2.3378e-02   3.1960e-03   4.8526e+07   4.7617e+07   4.7515e+07   1.0401e+06
  3.8522e+00   3.8861e+00   1.3559e+00   1.2299e-02   2.7700e-03   7.0716e+07   6.9617e+07   6.9738e+07   1.5168e+06
  4.6928e+00   4.7349e+00   1.5535e+00   1.8444e-02   3.0746e-03   1.0376e+08   1.0259e+08   1.0223e+08   2.2260e+06
  5.7167e+00   5.7677e+00   1.7508e+00   1.0781e-02   2.8705e-03   1.5146e+08   1.5001e+08   1.4993e+08   3.2512e+06
  6.9640e+00   7.0268e+00   1.9483e+00   1.3872e-02   2.4749e-03   2.2092e+08   2.1975e+08   2.1881e+08   4.7440e+06
  8.4834e+00   8.5618e+00   2.1459e+00   6.0754e-03   2.2814e-03   3.2276e+08   3.1963e+08   3.2023e+08   6.9314e+06
  1.0334e+01   1.0431e+01   2.3433e+00   1.0555e-02   2.3523e-03   4.7142e+08   4.6974e+08   4.6810e+08   1.0128e+07
  1.2589e+01   1.2705e+01   2.5406e+00   3.0523e-03   2.0705e-03   6.8658e+08   6.8360e+08   6.8404e+08   1.4750e+07
  1.5336e+01   1.5480e+01   2.7381e+00   1.0517e-02   1.7658e-03   1.0024e+09   1.0000e+09   9.9597e+08   2.1542e+07
  1.8682e+01   1.8860e+01   2.9356e+00  -3.9506e-03   2.1176e-03   1.4567e+09   1.4441e+09   1.4533e+09   3.1318e+07
  2.2758e+01   2.2976e+01   3.1330e+00   7.7263e-03   1.7628e-03   2.1186e+09   2.1122e+09   2.1072e+09   4.5548e+07
  2.7724e+01   2.7991e+01   3.3304e+00  -2.2030e-03   1.4837e-03   3.0624e+09   3.0365e+09   3.0528e+09   6.5871e+07
  3.3773e+01   3.4086e+01   3.5274e+00   4.4522e-03   1.8047e-03   4.3798e+09   4.3873e+09   4.3738e+09   9.4240e+07
  4.1142e+01   4.1520e+01   3.7247e+00  -1.7200e-03   1.2704e-03   6.2428e+09   6.1920e+09   6.2227e+09   1.3437e+08
  5.0119e+01   5.0559e+01   3.9217e+00  -8.6673e-04   1.3204e-03   8.6310e+09   8.6491e+09   8.6438e+09   1.8591e+08
  6.1054e+01   6.1583e+01   4.1189e+00  -7.4162e-04   1.4383e-03   1.1731e+10   1.1708e+10   1.1724e+10   2.5271e+08
  7.4375e+01   7.4947e+01   4.3153e+00  -2.0836e-04   1.9469e-03   1.5423e+10   1.5515e+10   1.5471e+10   3.3211e+08
  9.0603e+01   9.1215e+01   4.5117e+00  -1.0653e-03   1.4562e-03   1.9433e+10   1.9642e+10   1.9548e+10   4.1817e+08
