## {'tot': 15882078.44090322, 'coords': 'spherical', 'metric': 'Euclidean', 'sep_units': 'arcmin', 'bin_type': 'Log'}
#   r_nom       meanr       meanlogr        xi        sigma_xi        DD           RR           DR         npairs   
  1.4125e-01   1.7347e-01  -1.7530e+00   9.2744e-01   1.3188e+00   7.1326e+01   3.6861e+01   3.7000e+01   2.0000e+00
  2.8184e-01   3.0442e-01  -1.2127e+00   8.9660e-01   6.4938e-01   2.7004e+02   1.4153e+02   1.4234e+02   8.0000e+00
  5.6234e-01   5.9267e-01  -5.3557e-01   1.0645e+00   4.1147e-01   1.1369e+03   5.4592e+02   5.5086e+02   2.8000e+01
  1.1220e+00   1.1753e+00   1.4264e-01   4.9295e-01   1.7536e-01   3.1834e+03   2.1186e+03   2.1288e+03   8.8000e+01
  2.2387e+00   2.3913e+00   8.5386e-01   3.7312e-01   9.6117e-02   1.1354e+04   8.1855e+03   8.2425e+03   3.1200e+02
  4.4668e+00   4.8553e+00   1.5636e+00   1.3590e-01   4.6317e-02   3.5392e+04   3.1322e+04   3.1229e+04   9.7200e+02
  8.9125e+00   9.7181e+00   2.2586e+00   6.7287e-02   3.7474e-02   1.2422e+05   1.1782e+05   1.1706e+05   3.4500e+03
  1.7783e+01   1.9444e+01   2.9516e+00   4.3616e-02   2.2881e-02   4.2806e+05   4.2215e+05   4.1590e+05   1.1847e+04
  3.5481e+01   3.8181e+01   3.6257e+00   8.3100e-03   1.7760e-02   1.2687e+06   1.3604e+06   1.3089e+06   3.5178e+04
  7.0795e+01   7.6034e+01   4.3134e+00   3.2039e-03   1.0143e-02   3.3103e+06   3.5692e+06   3.4341e+06   9.1306e+04
