## {'tot': 7022400.616651814, 'coords': 'spherical', 'metric': 'Euclidean', 'sep_units': 'arcmin', 'bin_type': 'Log'}
#   r_nom       meanr       meanlogr        xi        sigma_xi        DD           RR           DR         npairs   
  1.4125e-01   1.5249e-01  -1.8916e+00   3.9130e+00   3.4534e+00   7.9991e+01   1.6298e+01   1.6257e+01   2.0000e+00
  2.8184e-01   3.6260e-01  -1.0183e+00   7.2634e-01   9.7624e-01   1.0807e+02   6.2579e+01   6.2599e+01   3.0000e+00
  5.6234e-01   5.0749e-01  -6.8093e-01  -3.7286e-01   3.2611e-01   1.5742e+02   2.4138e+02   2.4440e+02   4.0000e+00
  1.1220e+00   1.2405e+00   1.9675e-01   1.9490e-01   2.1940e-01   1.1373e+03   9.3675e+02   9.4573e+02   2.9000e+01
  2.2387e+00   2.4226e+00   8.6576e-01   1.0611e-01   9.6068e-02   4.1006e+03   3.6193e+03   3.6679e+03   1.0700e+02
  4.4668e+00   4.8262e+00   1.5582e+00   6.1446e-03   6.4464e-02   1.4349e+04   1.3849e+04   1.4057e+04   3.7800e+02
  8.9125e+00   9.5937e+00   2.2450e+00  -5.0339e-03   5.1458e-02   5.3721e+04   5.2096e+04   5.3040e+04   1.4260e+03
  1.7783e+01   1.9359e+01   2.9473e+00   8.9362e-03   1.8232e-02   1.9162e+05   1.8666e+05   1.8831e+05   5.0680e+03
  3.5481e+01   3.8439e+01   3.6326e+00   7.3309e-03   1.2446e-02   5.9642e+05   6.0151e+05   5.9676e+05   1.5846e+04
  7.0795e+01   7.5915e+01   4.3118e+00  -4.9142e-03   8.0771e-03   1.6059e+06   1.5782e+06   1.5959e+06   4.3004e+04
