## {'tot': 262359.5419889697, 'coords': 'spherical', 'metric': 'Euclidean', 'sep_units': 'arcmin', 'bin_type': 'Log'}
#   r_nom       meanr       meanlogr        xi        sigma_xi        DD           RR           DR         npairs   
  1.4125e-01   1.4125e-01  -1.9572e+00  -9.4479e-01   8.6286e-02   0.0000e+00   6.0892e-01   5.9211e-01   0.0000e+00
  2.8184e-01   2.8184e-01  -1.2664e+00  -1.0050e+00   5.0632e-02   0.0000e+00   2.3380e+00   2.3438e+00   0.0000e+00
  5.6234e-01   5.6234e-01  -5.7565e-01  -9.6926e-01   3.7071e-02   0.0000e+00   9.0182e+00   8.8796e+00   0.0000e+00
  1.1220e+00   1.0698e+00   6.7446e-02  -2.4289e-02   1.0050e+00   3.4398e+01   3.4997e+01   3.5123e+01   1.0000e+00
  2.2387e+00   2.2387e+00   8.0590e-01  -1.0216e+00   4.4829e-02   0.0000e+00   1.3522e+02   1.3668e+02   0.0000e+00
  4.4668e+00   5.0399e+00   1.5990e+00   2.2172e-02   2.9908e-01   5.4128e+02   5.1742e+02   5.2361e+02   9.0000e+00
  8.9125e+00   9.9005e+00   2.2752e+00  -1.2945e-01   1.5837e-01   1.7810e+03   1.9463e+03   1.9897e+03   3.7000e+01
  1.7783e+01   1.8932e+01   2.9237e+00  -1.1162e-01   1.0449e-01   6.1847e+03   6.9736e+03   6.9684e+03   1.1900e+02
  3.5481e+01   3.7884e+01   3.6159e+00  -6.2525e-02   5.7845e-02   2.0145e+04   2.2473e+04   2.2011e+04   3.9400e+02
  7.0795e+01   7.5187e+01   4.3017e+00   3.0825e-03   2.4591e-02   5.7608e+04   5.8961e+04   5.8193e+04   1.1370e+03
