## {'tot': 426413600.4079495, 'coords': 'spherical', 'metric': 'Euclidean', 'sep_units': 'arcmin', 'bin_type': 'Log'}
#   r_nom       meanr       meanlogr        xi        sigma_xi        DD           RR           DR         npairs   
  1.4125e-01   1.5262e-01  -1.8978e+00   1.0213e+00   3.7103e-01   1.9959e+03   9.8967e+02   9.8743e+02   4.7000e+01
  2.8184e-01   3.0470e-01  -1.2049e+00   2.4309e-01   1.2861e-01   4.7127e+03   3.7999e+03   3.7945e+03   1.2200e+02
  5.6234e-01   6.1289e-01  -5.0545e-01   2.6860e-01   7.8100e-02   1.8703e+04   1.4657e+04   1.4712e+04   4.9000e+02
  1.1220e+00   1.2253e+00   1.8686e-01   6.2278e-02   3.6778e-02   6.1209e+04   5.6881e+04   5.7274e+04   1.6000e+03
  2.2387e+00   2.4470e+00   8.7884e-01   8.8031e-02   1.8189e-02   2.4032e+05   2.1977e+05   2.2037e+05   6.2200e+03
  4.4668e+00   4.8923e+00   1.5719e+00   5.3163e-02   9.2078e-03   8.9727e+05   8.4096e+05   8.4676e+05   2.3303e+04
  8.9125e+00   9.7586e+00   2.2623e+00   4.0067e-02   8.4625e-03   3.3462e+06   3.1634e+06   3.1914e+06   8.7130e+04
  1.7783e+01   1.9419e+01   2.9502e+00   2.5112e-02   8.2196e-03   1.1897e+07   1.1334e+07   1.1473e+07   3.1001e+05
  3.5481e+01   3.8507e+01   3.6344e+00   2.4616e-02   8.4108e-03   3.8963e+07   3.6525e+07   3.7294e+07   1.0139e+06
  7.0795e+01   7.5430e+01   4.3056e+00   1.2453e-02   5.5084e-03   1.0058e+08   9.5829e+07   9.7607e+07   2.6170e+06
