## {'tot': 2393144.8677484775, 'coords': 'spherical', 'metric': 'Euclidean', 'sep_units': 'arcmin', 'bin_type': 'Log'}
#   r_nom       meanr       meanlogr        xi        sigma_xi        DD           RR           DR         npairs   
  1.4125e-01   1.4125e-01  -1.9572e+00  -9.7257e-01   3.9172e-02   0.0000e+00   5.5543e+00   5.4781e+00   0.0000e+00
  2.8184e-01   2.8184e-01  -1.2664e+00  -9.7455e-01   2.1882e-02   0.0000e+00   2.1326e+01   2.1055e+01   0.0000e+00
  5.6234e-01   6.3494e-01  -4.5820e-01   5.2118e-01   7.8867e-01   1.2391e+02   8.2261e+01   8.1650e+01   4.0000e+00
  1.1220e+00   1.1179e+00   8.3956e-02  -5.5671e-02   1.9642e-01   2.9282e+02   3.1923e+02   3.1491e+02   1.0000e+01
  2.2387e+00   2.5436e+00   9.1972e-01   2.9821e-01   2.1361e-01   1.5597e+03   1.2334e+03   1.2126e+03   5.5000e+01
  4.4668e+00   4.8933e+00   1.5710e+00   2.4822e-01   1.0263e-01   5.7744e+03   4.7197e+03   4.6613e+03   1.9600e+02
  8.9125e+00   9.7657e+00   2.2628e+00   5.9629e-02   5.7667e-02   1.8113e+04   1.7754e+04   1.7404e+04   6.2400e+02
  1.7783e+01   1.9307e+01   2.9439e+00   2.7545e-02   4.6148e-02   6.1630e+04   6.3611e+04   6.1744e+04   2.1630e+03
  3.5481e+01   3.8353e+01   3.6300e+00  -1.4950e-03   2.1082e-02   1.9334e+05   2.0499e+05   1.9932e+05   6.8050e+03
  7.0795e+01   7.5966e+01   4.3122e+00  -6.3470e-03   1.6418e-02   5.2805e+05   5.3782e+05   5.3464e+05   1.8480e+04
