## {'tot': 279533.6770403408, 'coords': 'spherical', 'metric': 'Euclidean', 'sep_units': 'arcmin', 'bin_type': 'Log'}
#   r_nom       meanr       meanlogr        xi        sigma_xi        DD           RR           DR         npairs   
  1.4125e-01   1.4125e-01  -1.9572e+00  -9.8347e-01   6.6593e-02   0.0000e+00   6.4878e-01   6.4342e-01   0.0000e+00
  2.8184e-01   2.8184e-01  -1.2664e+00  -9.6873e-01   4.8061e-02   0.0000e+00   2.4910e+00   2.4521e+00   0.0000e+00
  5.6234e-01   5.6234e-01  -5.7565e-01  -1.0459e+00   3.0133e-02   0.0000e+00   9.6085e+00   9.8291e+00   0.0000e+00
  1.1220e+00   1.1220e+00   1.1513e-01  -1.0604e+00   2.9143e-02   0.0000e+00   3.7288e+01   3.8415e+01   0.0000e+00
  2.2387e+00   2.6282e+00   9.6070e-01  -1.6969e-01   5.8070e-01   1.1790e+02   1.4407e+02   1.4321e+02   2.0000e+00
  4.4668e+00   5.1496e+00   1.6248e+00  -1.6003e-01   2.1957e-01   4.4684e+02   5.5129e+02   5.4318e+02   1.0000e+01
  8.9125e+00   9.5381e+00   2.2379e+00  -1.9791e-01   1.1385e-01   1.5453e+03   2.0737e+03   2.0147e+03   3.5000e+01
  1.7783e+01   1.9352e+01   2.9428e+00   5.0723e-02   7.5620e-02   7.4622e+03   7.4301e+03   7.2577e+03   1.6400e+02
  3.5481e+01   3.8446e+01   3.6321e+00  -5.7159e-02   5.1866e-02   2.2479e+04   2.3944e+04   2.3896e+04   5.1500e+02
  7.0795e+01   7.5904e+01   4.3112e+00   7.3061e-03   3.2709e-02   6.8230e+04   6.2820e+04   6.5296e+04   1.5120e+03
