## {'tot': 63335171.597638644, 'coords': 'spherical', 'metric': 'Euclidean', 'sep_units': 'arcmin', 'bin_type': 'Log'}
#   r_nom       meanr       meanlogr        xi        sigma_xi        DD           RR           DR         npairs   
  1.4125e-01   1.7720e-01  -1.7377e+00   3.4663e-01   9.4150e-01   6.1642e+01   4.6057e+01   4.5867e+01   2.0000e+00
  2.8184e-01   3.0117e-01  -1.2099e+00   7.4154e-01   6.6731e-01   3.0205e+02   1.7501e+02   1.7364e+02   1.0000e+01
  5.6234e-01   6.5233e-01  -4.4002e-01   1.2395e-01   2.4082e-01   7.4265e+02   6.6752e+02   6.6372e+02   2.4000e+01
  1.1220e+00   1.2246e+00   1.8561e-01   6.3185e-01   1.3833e-01   4.2179e+03   2.5803e+03   2.5839e+03   1.2700e+02
  2.2387e+00   2.4873e+00   8.9522e-01   2.3260e-01   7.2309e-02   1.2173e+04   9.9378e+03   9.8997e+03   3.8000e+02
  4.4668e+00   4.8752e+00   1.5676e+00   1.8478e-01   4.5870e-02   4.4897e+04   3.8083e+04   3.7972e+04   1.4100e+03
  8.9125e+00   9.7816e+00   2.2648e+00   1.0187e-01   2.7632e-02   1.5957e+05   1.4499e+05   1.4490e+05   5.0170e+03
  1.7783e+01   1.9381e+01   2.9482e+00   7.4936e-02   1.6760e-02   5.8999e+05   5.4645e+05   5.4774e+05   1.8453e+04
  3.5481e+01   3.8706e+01   3.6400e+00   3.3726e-02   1.4940e-02   2.0508e+06   1.9875e+06   1.9856e+06   6.4304e+04
  7.0795e+01   7.6842e+01   4.3248e+00   1.4534e-02   1.1672e-02   6.7079e+06   6.5220e+06   6.5676e+06   2.1002e+05
