## {'tot': 278468860577.8794, 'coords': 'spherical', 'metric': 'Euclidean', 'sep_units': 'arcmin', 'bin_type': 'Log'}
#   r_nom       meanr       meanlogr        xi        sigma_xi        DD           RR           DR         npairs   
  1.4125e-01   1.5422e-01  -1.8874e+00   4.2565e-01   1.9293e-02   2.8683e+05   2.0250e+05   2.0157e+05   6.0030e+03
  2.8184e-01   3.0701e-01  -1.1981e+00   2.4473e-01   1.1410e-02   9.5836e+05   7.6948e+05   7.6976e+05   2.0260e+04
  5.6234e-01   6.1371e-01  -5.0473e-01   1.6685e-01   8.6955e-03   3.4305e+06   2.9349e+06   2.9378e+06   7.2932e+04
  1.1220e+00   1.2284e+00   1.8975e-01   1.0319e-01   5.5312e-03   1.2555e+07   1.1345e+07   1.1364e+07   2.6886e+05
  2.2387e+00   2.4521e+00   8.8100e-01   5.8431e-02   4.6713e-03   4.6445e+07   4.3694e+07   4.3793e+07   9.9906e+05
  4.4668e+00   4.8934e+00   1.5719e+00   3.3747e-02   3.4868e-03   1.7342e+08   1.6744e+08   1.6760e+08   3.7441e+06
  8.9125e+00   9.7734e+00   2.2636e+00   2.1556e-02   2.9249e-03   6.5270e+08   6.3747e+08   6.3821e+08   1.4103e+07
  1.7783e+01   1.9480e+01   2.9532e+00   1.0656e-02   2.7916e-03   2.4293e+09   2.4026e+09   2.4032e+09   5.2508e+07
  3.5481e+01   3.8778e+01   3.6415e+00   4.4389e-03   1.7098e-03   8.7432e+09   8.7386e+09   8.7215e+09   1.8889e+08
  7.0795e+01   7.6834e+01   4.3245e+00   2.5546e-03   1.3649e-03   2.8484e+10   2.8676e+10   2.8543e+10   6.1518e+08
