## {'tot': 44331623541.634705, 'coords': 'spherical', 'metric': 'Euclidean', 'sep_units': 'arcmin', 'bin_type': 'Log'}
#   r_nom       meanr       meanlogr        xi        sigma_xi        DD           RR           DR         npairs   
  1.4125e-01   1.5389e-01  -1.8900e+00   6.6299e-01   6.1094e-02   5.3183e+04   3.2238e+04   3.2024e+04   1.1800e+03
  2.8184e-01   3.0715e-01  -1.1981e+00   4.3876e-01   2.1418e-02   1.7613e+05   1.2250e+05   1.2244e+05   4.0290e+03
  5.6234e-01   6.1480e-01  -5.0330e-01   2.7103e-01   1.5005e-02   5.9393e+05   4.6723e+05   4.6726e+05   1.3706e+04
  1.1220e+00   1.2241e+00   1.8601e-01   1.7289e-01   1.2736e-02   2.1192e+06   1.8061e+06   1.8065e+06   4.9277e+04
  2.2387e+00   2.4480e+00   8.7932e-01   9.5986e-02   8.3936e-03   7.6248e+06   6.9560e+06   6.9566e+06   1.7898e+05
  4.4668e+00   4.8910e+00   1.5714e+00   5.2587e-02   5.9599e-03   2.7973e+07   2.6657e+07   2.6614e+07   6.6063e+05
  8.9125e+00   9.7662e+00   2.2629e+00   2.6699e-02   3.8323e-03   1.0390e+08   1.0148e+08   1.0134e+08   2.4587e+06
  1.7783e+01   1.9476e+01   2.9531e+00   1.3849e-02   3.7984e-03   3.8639e+08   3.8249e+08   3.8179e+08   9.1412e+06
  3.5481e+01   3.8760e+01   3.6411e+00   7.6006e-03   2.6635e-03   1.3893e+09   1.3912e+09   1.3849e+09   3.2848e+07
  7.0795e+01   7.6821e+01   4.3244e+00   3.3359e-03   1.8833e-03   4.5042e+09   4.5651e+09   4.5270e+09   1.0650e+08
