## {'tot': 4485555475.343699, 'coords': 'spherical', 'metric': 'Euclidean', 'sep_units': 'arcmin', 'bin_type': 'Log'}
#   r_nom       meanr       meanlogr        xi        sigma_xi        DD           RR           DR         npairs   
  1.4125e-01   1.5522e-01  -1.8795e+00   1.1233e+00   1.5726e-01   6.9009e+03   3.2619e+03   3.2493e+03   1.7200e+02
  2.8184e-01   3.0390e-01  -1.2093e+00   6.7349e-01   6.6470e-02   2.0753e+04   1.2395e+04   1.2400e+04   5.3600e+02
  5.6234e-01   6.1331e-01  -5.0636e-01   3.8550e-01   3.1937e-02   6.5295e+04   4.7275e+04   4.7173e+04   1.6990e+03
  1.1220e+00   1.2262e+00   1.8677e-01   2.3269e-01   2.2727e-02   2.2471e+05   1.8274e+05   1.8246e+05   5.9100e+03
  2.2387e+00   2.4463e+00   8.7837e-01   1.4970e-01   1.2776e-02   8.0623e+05   7.0382e+05   7.0234e+05   2.1483e+04
  4.4668e+00   4.8818e+00   1.5696e+00   7.5128e-02   9.9273e-03   2.8820e+06   2.6972e+06   2.6882e+06   7.7115e+04
  8.9125e+00   9.7596e+00   2.2623e+00   3.5499e-02   5.6898e-03   1.0587e+07   1.0268e+07   1.0245e+07   2.8378e+05
  1.7783e+01   1.9470e+01   2.9529e+00   1.5375e-02   4.4686e-03   3.9047e+07   3.8701e+07   3.8576e+07   1.0476e+06
  3.5481e+01   3.8742e+01   3.6407e+00   7.8796e-03   3.4878e-03   1.4046e+08   1.4076e+08   1.4006e+08   3.7605e+06
  7.0795e+01   7.6804e+01   4.3242e+00   1.2546e-04   2.1957e-03   4.5598e+08   4.6190e+08   4.5891e+08   1.2211e+07
