## {'tot': 5075058181374.805, 'coords': 'spherical', 'metric': 'Euclidean', 'sep_units': 'arcmin', 'bin_type': 'Log'}
#   r_nom       meanr       meanlogr        xi        sigma_xi        DD           RR           DR         npairs   
  1.4125e-01   1.5407e-01  -1.8874e+00   1.4779e-01   4.0457e-03   4.2171e+06   3.6906e+06   3.6811e+06   1.0244e+05
  2.8184e-01   3.0762e-01  -1.1953e+00   8.5049e-02   2.4171e-03   1.5255e+07   1.4024e+07   1.4043e+07   3.7143e+05
  5.6234e-01   6.1582e-01  -5.0065e-01   5.0865e-02   1.5618e-03   5.6463e+07   5.3488e+07   5.3615e+07   1.3764e+06
  1.1220e+00   1.2299e+00   1.9110e-01   3.2079e-02   1.3305e-03   2.1432e+08   2.0676e+08   2.0722e+08   5.2296e+06
  2.2387e+00   2.4550e+00   8.8224e-01   1.8839e-02   1.2883e-03   8.1347e+08   7.9631e+08   7.9739e+08   1.9854e+07
  4.4668e+00   4.9001e+00   1.5733e+00   1.2547e-02   1.1561e-03   3.0901e+09   3.0516e+09   3.0517e+09   7.5408e+07
  8.9125e+00   9.7775e+00   2.2640e+00   7.5770e-03   1.1484e-03   1.1721e+10   1.1618e+10   1.1625e+10   2.8603e+08
  1.7783e+01   1.9494e+01   2.9539e+00   4.0217e-03   1.0551e-03   4.4034e+10   4.3787e+10   4.3822e+10   1.0749e+09
  3.5481e+01   3.8797e+01   3.6420e+00   1.7983e-03   8.8285e-04   1.5952e+11   1.5926e+11   1.5925e+11   3.8932e+09
  7.0795e+01   7.6885e+01   4.3252e+00   3.7417e-04   7.1059e-04   5.2302e+11   5.2261e+11   5.2272e+11   1.2775e+10
