## {'tot': 1417004775429.4487, 'coords': 'spherical', 'metric': 'Euclidean', 'sep_units': 'arcmin', 'bin_type': 'Log'}
#   r_nom       meanr       meanlogr        xi        sigma_xi        DD           RR           DR         npairs   
  1.4125e-01   1.5392e-01  -1.8887e+00   2.6282e-01   9.5662e-03   1.2938e+06   1.0304e+06   1.0267e+06   2.6215e+04
  2.8184e-01   3.0712e-01  -1.1973e+00   1.4676e-01   4.3824e-03   4.4928e+06   3.9156e+06   3.9169e+06   9.1478e+04
  5.6234e-01   6.1526e-01  -5.0183e-01   8.4929e-02   3.2298e-03   1.6250e+07   1.4934e+07   1.4958e+07   3.3280e+05
  1.1220e+00   1.2294e+00   1.9065e-01   5.0407e-02   2.9965e-03   6.0901e+07   5.7729e+07   5.7860e+07   1.2521e+06
  2.2387e+00   2.4538e+00   8.8174e-01   2.9062e-02   2.0106e-03   2.2969e+08   2.2234e+08   2.2278e+08   4.7298e+06
  4.4668e+00   4.8988e+00   1.5730e+00   1.8422e-02   1.7473e-03   8.6896e+08   8.5204e+08   8.5265e+08   1.7899e+07
  8.9125e+00   9.7765e+00   2.2639e+00   1.1891e-02   1.5193e-03   3.2909e+09   3.2438e+09   3.2480e+09   6.7789e+07
  1.7783e+01   1.9488e+01   2.9536e+00   5.1446e-03   1.6795e-03   1.2339e+10   1.2226e+10   1.2251e+10   2.5413e+08
  3.5481e+01   3.8792e+01   3.6419e+00   1.9848e-03   9.8169e-04   4.4660e+10   4.4467e+10   4.4519e+10   9.1914e+08
  7.0795e+01   7.6883e+01   4.3252e+00   1.0239e-03   6.2642e-04   1.4649e+11   1.4592e+11   1.4613e+11   3.0143e+09
