## {'tot': 1987353.8258730278, 'coords': 'spherical', 'metric': 'Euclidean', 'sep_units': 'arcmin', 'bin_type': 'Log'}
#   r_nom       meanr       meanlogr        xi        sigma_xi        DD           RR           DR         npairs   
  1.1037e-01   1.1037e-01  -2.2039e+00  -9.6124e-01   1.1561e-01   0.0000e+00   2.6916e-01   2.6394e-01   0.0000e+00
  1.3445e-01   1.3445e-01  -2.0065e+00  -1.0748e+00   8.6991e-02   0.0000e+00   3.9333e-01   4.0803e-01   0.0000e+00
  1.6379e-01   1.6379e-01  -1.8092e+00  -1.0204e+00   7.1575e-02   0.0000e+00   5.8020e-01   5.8613e-01   0.0000e+00
  1.9953e-01   1.9953e-01  -1.6118e+00  -1.0583e+00   6.9627e-02   0.0000e+00   8.5525e-01   8.8017e-01   0.0000e+00
  2.4306e-01   2.4306e-01  -1.4144e+00  -9.7583e-01   5.9474e-02   0.0000e+00   1.2597e+00   1.2445e+00   0.0000e+00
  2.9609e-01   2.9609e-01  -1.2171e+00  -1.0671e+00   4.3359e-02   0.0000e+00   1.8528e+00   1.9149e+00   0.0000e+00
  3.6070e-01   3.6070e-01  -1.0197e+00  -1.0047e+00   4.0428e-02   0.0000e+00   2.7255e+00   2.7320e+00   0.0000e+00
  4.3940e-01   4.3940e-01  -8.2235e-01  -9.4129e-01   3.1026e-02   0.0000e+00   4.0113e+00   3.8936e+00   0.0000e+00
  5.3527e-01   5.3487e-01  -6.2573e-01   3.4385e+00   4.4932e+00   2.6404e+01   5.9141e+00   5.9912e+00   1.0000e+00
  6.5206e-01   6.5206e-01  -4.2762e-01  -9.5121e-01   2.7999e-02   0.0000e+00   8.7244e+00   8.5116e+00   0.0000e+00
  7.9433e-01   8.1150e-01  -2.0887e-01   2.8233e+00   3.8672e+00   4.9322e+01   1.2870e+01   1.2928e+01   1.0000e+00
  9.6764e-01   9.6764e-01  -3.2894e-02  -9.7088e-01   2.1450e-02   0.0000e+00   1.8993e+01   1.8717e+01   0.0000e+00
  1.1788e+00   1.1788e+00   1.6447e-01  -1.0109e+00   2.1177e-02   0.0000e+00   2.8020e+01   2.8172e+01   0.0000e+00
  1.4360e+00   1.4999e+00   4.0541e-01   2.6811e-01   1.2372e+00   5.0851e+01   4.1280e+01   4.0532e+01   1.0000e+00
  1.7493e+00   1.7105e+00   5.3680e-01  -2.9015e-01   6.7201e-01   4.0653e+01   6.0814e+01   5.9556e+01   1.0000e+00
  2.1309e+00   2.1700e+00   7.7472e-01  -5.1573e-01   4.5561e-01   4.0691e+01   8.9615e+01   8.8262e+01   1.0000e+00
  2.5959e+00   2.7933e+00   1.0272e+00  -4.3864e-01   5.5096e-01   7.2262e+01   1.3158e+02   1.3078e+02   1.0000e+00
  3.1623e+00   3.2029e+00   1.1631e+00   3.8765e-01   6.7360e-01   2.6051e+02   1.9342e+02   1.8947e+02   5.0000e+00
  3.8522e+00   3.9369e+00   1.3702e+00  -4.3420e-01   2.6990e-01   1.5270e+02   2.8442e+02   2.8031e+02   4.0000e+00
  4.6928e+00   4.8507e+00   1.5777e+00  -2.9271e-01   2.7454e-01   2.7934e+02   4.1767e+02   4.0963e+02   6.0000e+00
  5.7167e+00   5.8947e+00   1.7725e+00  -4.9069e-01   2.0028e-01   2.9276e+02   6.1315e+02   6.0339e+02   5.0000e+00
  6.9640e+00   7.0575e+00   1.9525e+00  -7.0969e-02   2.6843e-01   7.7022e+02   8.9618e+02   8.6500e+02   1.6000e+01
  8.4834e+00   8.6187e+00   2.1523e+00   1.4745e-01   2.6287e-01   1.4348e+03   1.3173e+03   1.2789e+03   2.9000e+01
  1.0334e+01   1.0407e+01   2.3410e+00  -2.0511e-02   1.8235e-01   1.7898e+03   1.9278e+03   1.8786e+03   3.5000e+01
  1.2589e+01   1.2720e+01   2.5415e+00  -8.2861e-02   1.0620e-01   2.4083e+03   2.8238e+03   2.7331e+03   4.9000e+01
  1.5336e+01   1.5651e+01   2.7491e+00  -1.2372e-02   1.4016e-01   3.8048e+03   4.1150e+03   3.9854e+03   7.4000e+01
  1.8682e+01   1.8879e+01   2.9366e+00   3.2724e-02   1.0879e-01   5.7963e+03   6.0049e+03   5.8023e+03   1.1900e+02
  2.2758e+01   2.2999e+01   3.1339e+00  -7.2733e-02   8.6859e-02   7.3917e+03   8.7121e+03   8.3687e+03   1.4800e+02
  2.7724e+01   2.7962e+01   3.3292e+00  -3.4793e-02   7.1317e-02   1.1291e+04   1.2599e+04   1.2164e+04   2.1700e+02
  3.3773e+01   3.3917e+01   3.5222e+00   1.8047e-02   6.0973e-02   1.7230e+04   1.8137e+04   1.7520e+04   3.3600e+02
  4.1142e+01   4.1652e+01   3.7278e+00  -2.9225e-02   5.9915e-02   2.3183e+04   2.5789e+04   2.4863e+04   4.5600e+02
  5.0119e+01   5.0420e+01   3.9189e+00  -3.0398e-02   6.1646e-02   3.2168e+04   3.6064e+04   3.4664e+04   6.5300e+02
  6.1054e+01   6.1605e+01   4.1193e+00   4.7799e-03   4.9706e-02   4.5637e+04   4.9615e+04   4.7507e+04   8.7200e+02
  7.4375e+01   7.5059e+01   4.3169e+00   6.9120e-03   4.1538e-02   6.4469e+04   6.7259e+04   6.5632e+04   1.2800e+03
  9.0603e+01   9.1473e+01   4.5145e+00   3.3943e-03   4.0218e-02   8.4941e+04   8.7664e+04   8.6154e+04   1.6770e+03
