## {'tot': 180828624.92167252, 'coords': 'spherical', 'metric': 'Euclidean', 'sep_units': 'arcmin', 'bin_type': 'Log'}
#   r_nom       meanr       meanlogr        xi        sigma_xi        DD           RR           DR         npairs   
  1.1037e-01   1.1788e-01  -2.1383e+00   3.6211e+00   3.2850e+00   1.1301e+02   2.4490e+01   2.4407e+01   2.0000e+00
  1.3445e-01   1.3220e-01  -2.0251e+00   2.8817e+00   2.2015e+00   1.3883e+02   3.5789e+01   3.5742e+01   3.0000e+00
  1.6379e-01   1.5843e-01  -1.8428e+00   8.4263e-01   1.0060e+00   9.6941e+01   5.2792e+01   5.2625e+01   3.0000e+00
  1.9953e-01   2.0501e-01  -1.5848e+00   6.2307e-01   9.3695e-01   1.2556e+02   7.7819e+01   7.7446e+01   3.0000e+00
  2.4306e-01   2.4113e-01  -1.4239e+00   3.5437e+00   1.0389e+00   5.1892e+02   1.1462e+02   1.1368e+02   1.3000e+01
  2.9609e-01   2.9708e-01  -1.2147e+00   1.3917e+00   6.5757e-01   4.0303e+02   1.6858e+02   1.6850e+02   1.0000e+01
  3.6070e-01   3.5357e-01  -1.0417e+00  -2.0667e-01   3.2088e-01   1.9579e+02   2.4799e+02   2.4752e+02   5.0000e+00
  4.3940e-01   4.3947e-01  -8.2405e-01   9.9745e-01   4.5985e-01   7.3349e+02   3.6499e+02   3.6721e+02   1.8000e+01
  5.3527e-01   5.3455e-01  -6.2795e-01   1.2261e+00   4.8856e-01   1.1924e+03   5.3812e+02   5.3536e+02   2.9000e+01
  6.5206e-01   6.4464e-01  -4.4045e-01   8.5241e-01   3.7373e-01   1.4776e+03   7.9383e+02   7.9736e+02   4.0000e+01
  7.9433e-01   7.8053e-01  -2.4945e-01   9.0193e-01   2.4432e-01   2.2200e+03   1.1711e+03   1.1674e+03   5.6000e+01
  9.6764e-01   9.7721e-01  -2.4783e-02   8.9700e-01   2.4611e-01   3.2717e+03   1.7282e+03   1.7249e+03   8.5000e+01
  1.1788e+00   1.1888e+00   1.7165e-01   7.7225e-01   1.8160e-01   4.5071e+03   2.5495e+03   2.5439e+03   1.1000e+02
  1.4360e+00   1.4480e+00   3.6842e-01   3.0084e-01   1.3190e-01   4.8623e+03   3.7560e+03   3.7442e+03   1.2700e+02
  1.7493e+00   1.7626e+00   5.6524e-01   3.5939e-01   7.7999e-02   7.5348e+03   5.5334e+03   5.5398e+03   2.0100e+02
  2.1309e+00   2.1461e+00   7.6195e-01   3.4666e-01   1.1559e-01   1.0970e+04   8.1541e+03   8.1485e+03   2.8300e+02
  2.5959e+00   2.6196e+00   9.6162e-01   2.8738e-01   7.6904e-02   1.5502e+04   1.1973e+04   1.2017e+04   4.0200e+02
  3.1623e+00   3.1846e+00   1.1568e+00   2.5384e-01   7.5676e-02   2.2146e+04   1.7599e+04   1.7639e+04   5.7300e+02
  3.8522e+00   3.8721e+00   1.3523e+00   1.3392e-01   5.1182e-02   2.9560e+04   2.5879e+04   2.5987e+04   7.7700e+02
  4.6928e+00   4.7258e+00   1.5515e+00   1.8906e-01   5.5535e-02   4.5399e+04   3.8003e+04   3.8109e+04   1.1660e+03
  5.7167e+00   5.7626e+00   1.7498e+00   1.4012e-01   3.8639e-02   6.4066e+04   5.5790e+04   5.6019e+04   1.6610e+03
  6.9640e+00   7.0268e+00   1.9482e+00   9.5099e-02   3.8937e-02   8.9784e+04   8.1544e+04   8.1787e+04   2.3590e+03
  8.4834e+00   8.5485e+00   2.1442e+00   1.0662e-01   3.1522e-02   1.3329e+05   1.1986e+05   1.2019e+05   3.4470e+03
  1.0334e+01   1.0406e+01   2.3409e+00   8.1625e-02   2.9282e-02   1.8968e+05   1.7541e+05   1.7539e+05   4.9660e+03
  1.2589e+01   1.2679e+01   2.5385e+00   5.2839e-02   2.2465e-02   2.7216e+05   2.5694e+05   2.5776e+05   7.1370e+03
  1.5336e+01   1.5447e+01   2.7360e+00   3.6026e-02   2.4178e-02   3.9101e+05   3.7443e+05   3.7597e+05   1.0259e+04
  1.8682e+01   1.8837e+01   2.9344e+00   6.5074e-02   2.4757e-02   5.8845e+05   5.4638e+05   5.4964e+05   1.5417e+04
  2.2758e+01   2.2958e+01   3.1322e+00   3.9171e-02   2.7773e-02   8.3860e+05   7.9271e+05   8.0013e+05   2.2003e+04
  2.7724e+01   2.7955e+01   3.3291e+00   3.2704e-02   2.3782e-02   1.1987e+06   1.1464e+06   1.1538e+06   3.1451e+04
  3.3773e+01   3.4061e+01   3.5267e+00   4.1470e-02   2.1665e-02   1.7398e+06   1.6503e+06   1.6608e+06   4.5638e+04
  4.1142e+01   4.1487e+01   3.7239e+00   2.9831e-02   2.2630e-02   2.4553e+06   2.3466e+06   2.3659e+06   6.4336e+04
  5.0119e+01   5.0487e+01   3.9203e+00   3.0078e-02   1.4173e-02   3.4516e+06   3.2815e+06   3.3172e+06   9.0513e+04
  6.1054e+01   6.1514e+01   4.1178e+00   2.5423e-02   1.6663e-02   4.7497e+06   4.5145e+06   4.5747e+06   1.2457e+05
  7.4375e+01   7.4942e+01   4.3152e+00   1.1942e-02   1.5376e-02   6.3810e+06   6.1199e+06   6.2139e+06   1.6719e+05
  9.0603e+01   9.1239e+01   4.5120e+00   1.5963e-02   1.4629e-02   8.2890e+06   7.9765e+06   8.0691e+06   2.1681e+05
