## {'tot': 2828161143.6002717, 'coords': 'spherical', 'metric': 'Euclidean', 'sep_units': 'arcmin', 'bin_type': 'Log'}
#   r_nom       meanr       meanlogr        xi        sigma_xi        DD           RR           DR         npairs   
  1.1037e-01   1.1197e-01  -2.1909e+00   8.0678e-01   4.7947e-01   7.0162e+02   3.8303e+02   3.8782e+02   1.8000e+01
  1.3445e-01   1.3349e-01  -2.0151e+00   1.2713e+00   3.5927e-01   1.2655e+03   5.5974e+02   5.5680e+02   3.2000e+01
  1.6379e-01   1.6438e-01  -1.8074e+00   3.3437e-01   2.5980e-01   1.1115e+03   8.2567e+02   8.3054e+02   2.8000e+01
  1.9953e-01   2.0261e-01  -1.5980e+00   4.0133e-01   2.0451e-01   1.6891e+03   1.2171e+03   1.2089e+03   4.7000e+01
  2.4306e-01   2.4372e-01  -1.4136e+00   1.5750e-01   1.6713e-01   2.0668e+03   1.7927e+03   1.7885e+03   5.4000e+01
  2.9609e-01   2.9688e-01  -1.2158e+00   4.1104e-01   1.6551e-01   3.7099e+03   2.6366e+03   2.6314e+03   9.5000e+01
  3.6070e-01   3.6336e-01  -1.0138e+00   3.5174e-01   1.1279e-01   5.2522e+03   3.8786e+03   3.8833e+03   1.3200e+02
  4.3940e-01   4.4248e-01  -8.1688e-01   2.6053e-01   1.0816e-01   7.2309e+03   5.7084e+03   5.7260e+03   1.8500e+02
  5.3527e-01   5.4107e-01  -6.1582e-01   1.5513e-01   6.8771e-02   9.7444e+03   8.4163e+03   8.4275e+03   2.5000e+02
  6.5206e-01   6.5495e-01  -4.2485e-01   2.0669e-01   6.4464e-02   1.5107e+04   1.2416e+04   1.2478e+04   3.9600e+02
  7.9433e-01   8.0169e-01  -2.2269e-01   5.1173e-02   3.6997e-02   1.9412e+04   1.8315e+04   1.8395e+04   5.0600e+02
  9.6764e-01   9.6960e-01  -3.2403e-02   1.1389e-01   4.0986e-02   3.0340e+04   2.7029e+04   2.7145e+04   7.8500e+02
  1.1788e+00   1.1873e+00   1.6999e-01   7.1107e-02   4.0846e-02   4.3157e+04   3.9875e+04   4.0098e+04   1.1090e+03
  1.4360e+00   1.4447e+00   3.6633e-01   4.6445e-02   3.0833e-02   6.1831e+04   5.8744e+04   5.8923e+04   1.5980e+03
  1.7493e+00   1.7634e+00   5.6566e-01   8.2719e-02   2.3122e-02   9.4037e+04   8.6543e+04   8.6711e+04   2.4160e+03
  2.1309e+00   2.1452e+00   7.6165e-01   9.0412e-02   2.0645e-02   1.3953e+05   1.2753e+05   1.2776e+05   3.6100e+03
  2.5959e+00   2.6142e+00   9.5945e-01   7.8333e-02   1.5332e-02   2.0313e+05   1.8725e+05   1.8785e+05   5.2560e+03
  3.1623e+00   3.1867e+00   1.1575e+00   6.4707e-02   1.6425e-02   2.9280e+05   2.7526e+05   2.7512e+05   7.5310e+03
  3.8522e+00   3.8877e+00   1.3563e+00   4.7274e-02   1.4202e-02   4.2570e+05   4.0475e+05   4.0566e+05   1.0949e+04
  4.6928e+00   4.7369e+00   1.5539e+00   3.4589e-02   1.1772e-02   6.1783e+05   5.9437e+05   5.9582e+05   1.5869e+04
  5.7167e+00   5.7614e+00   1.7497e+00   3.7095e-02   1.3094e-02   9.0981e+05   8.7255e+05   8.7500e+05   2.3400e+04
  6.9640e+00   7.0227e+00   1.9476e+00   5.1271e-02   1.0292e-02   1.3475e+06   1.2753e+06   1.2787e+06   3.4711e+04
  8.4834e+00   8.5564e+00   2.1452e+00   4.1558e-02   9.5871e-03   1.9718e+06   1.8746e+06   1.8842e+06   5.0731e+04
  1.0334e+01   1.0427e+01   2.3429e+00   2.5526e-02   7.5757e-03   2.8348e+06   2.7434e+06   2.7541e+06   7.2948e+04
  1.2589e+01   1.2699e+01   2.5400e+00   2.9784e-02   7.1831e-03   4.1730e+06   4.0185e+06   4.0359e+06   1.0732e+05
  1.5336e+01   1.5471e+01   2.7375e+00   2.9317e-02   6.7937e-03   6.0817e+06   5.8560e+06   5.8830e+06   1.5644e+05
  1.8682e+01   1.8847e+01   2.9349e+00   2.4569e-02   6.0244e-03   8.8404e+06   8.5454e+06   8.5879e+06   2.2731e+05
  2.2758e+01   2.2958e+01   3.1322e+00   1.9751e-02   5.3778e-03   1.2775e+07   1.2398e+07   1.2464e+07   3.2869e+05
  2.7724e+01   2.7968e+01   3.3296e+00   1.9981e-02   6.3731e-03   1.8465e+07   1.7930e+07   1.8018e+07   4.7456e+05
  3.3773e+01   3.4077e+01   3.5272e+00   1.8908e-02   5.3099e-03   2.6531e+07   2.5811e+07   2.5927e+07   6.8195e+05
  4.1142e+01   4.1503e+01   3.7243e+00   1.7283e-02   5.9126e-03   3.7633e+07   3.6700e+07   3.6850e+07   9.6805e+05
  5.0119e+01   5.0550e+01   3.9215e+00   1.3990e-02   5.5231e-03   5.2595e+07   5.1322e+07   5.1600e+07   1.3520e+06
  6.1054e+01   6.1565e+01   4.1186e+00   1.2930e-02   5.5714e-03   7.2556e+07   7.0607e+07   7.1125e+07   1.8637e+06
  7.4375e+01   7.4977e+01   4.3157e+00   1.3260e-02   5.3471e-03   9.8015e+07   9.5715e+07   9.6231e+07   2.5165e+06
  9.0603e+01   9.1288e+01   4.5126e+00   1.2576e-02   4.7755e-03   1.2802e+08   1.2475e+08   1.2560e+08   3.2889e+06
