## {'tot': 43161678.36817539, 'coords': 'spherical', 'metric': 'Euclidean', 'sep_units': 'arcmin', 'bin_type': 'Log'}
#   r_nom       meanr       meanlogr        xi        sigma_xi        DD           RR           DR         npairs   
  1.1037e-01   1.1235e-01  -2.1861e+00   6.0693e+00   7.0267e+00   4.0879e+01   5.8456e+00   5.6232e+00   1.0000e+00
  1.3445e-01   1.3445e-01  -2.0065e+00  -9.8726e-01   4.6093e-02   0.0000e+00   8.5423e+00   8.4879e+00   0.0000e+00
  1.6379e-01   1.6379e-01  -1.8092e+00  -9.5133e-01   3.2649e-02   0.0000e+00   1.2601e+01   1.2294e+01   0.0000e+00
  1.9953e-01   1.9385e-01  -1.6407e+00   6.3460e-01   1.6261e+00   3.0357e+01   1.8574e+01   1.8572e+01   1.0000e+00
  2.4306e-01   2.4306e-01  -1.4144e+00  -9.9950e-01   2.1756e-02   0.0000e+00   2.7359e+01   2.7352e+01   0.0000e+00
  2.9609e-01   2.9235e-01  -1.2312e+00   2.0409e+00   1.6572e+00   1.2225e+02   4.0239e+01   4.0182e+01   3.0000e+00
  3.6070e-01   3.7034e-01  -9.9376e-01   3.2215e+00   1.8874e+00   2.4951e+02   5.9193e+01   5.9007e+01   6.0000e+00
  4.3940e-01   4.6143e-01  -7.7495e-01   4.6514e-01   8.2552e-01   1.2635e+02   8.7118e+01   8.6472e+01   3.0000e+00
  5.3527e-01   5.2740e-01  -6.4164e-01   6.5965e-01   7.0287e-01   2.1273e+02   1.2844e+02   1.2822e+02   5.0000e+00
  6.5206e-01   6.5715e-01  -4.2095e-01   5.2582e-01   6.9679e-01   2.8955e+02   1.8948e+02   1.8970e+02   7.0000e+00
  7.9433e-01   8.2115e-01  -1.9842e-01   3.7948e-01   5.4678e-01   3.8518e+02   2.7952e+02   2.7931e+02   1.0000e+01
  9.6764e-01   9.6500e-01  -3.7246e-02   8.4590e-01   5.3113e-01   7.6020e+02   4.1250e+02   4.1188e+02   1.8000e+01
  1.1788e+00   1.1737e+00   1.5865e-01   6.6434e-01   3.3308e-01   1.0091e+03   6.0855e+02   6.0667e+02   2.3000e+01
  1.4360e+00   1.4529e+00   3.7187e-01   3.6648e-01   2.5379e-01   1.2164e+03   8.9652e+02   8.9219e+02   3.2000e+01
  1.7493e+00   1.7586e+00   5.6297e-01   8.9597e-02   2.1862e-01   1.4342e+03   1.3208e+03   1.3183e+03   3.5000e+01
  2.1309e+00   2.1318e+00   7.5516e-01   3.1273e-02   1.6928e-01   1.9920e+03   1.9463e+03   1.9387e+03   5.3000e+01
  2.5959e+00   2.6262e+00   9.6403e-01   7.5153e-02   1.1662e-01   3.0637e+03   2.8577e+03   2.8533e+03   7.3000e+01
  3.1623e+00   3.1940e+00   1.1599e+00   2.9809e-01   1.4214e-01   5.4142e+03   4.2008e+03   4.1814e+03   1.3600e+02
  3.8522e+00   3.8694e+00   1.3516e+00   1.9390e-01   1.2477e-01   7.3318e+03   6.1770e+03   6.1555e+03   1.8000e+02
  4.6928e+00   4.7205e+00   1.5504e+00   2.2450e-01   5.9963e-02   1.1046e+04   9.0710e+03   9.0404e+03   2.8300e+02
  5.7167e+00   5.7767e+00   1.7523e+00   6.4710e-02   6.9663e-02   1.4095e+04   1.3316e+04   1.3275e+04   3.4500e+02
  6.9640e+00   6.9846e+00   1.9422e+00   6.2464e-02   5.9233e-02   2.0414e+04   1.9463e+04   1.9331e+04   4.9800e+02
  8.4834e+00   8.5355e+00   2.1426e+00   7.0762e-02   4.3141e-02   3.0503e+04   2.8609e+04   2.8544e+04   7.4900e+02
  1.0334e+01   1.0400e+01   2.3403e+00   9.3628e-02   4.9987e-02   4.5335e+04   4.1868e+04   4.1642e+04   1.1390e+03
  1.2589e+01   1.2711e+01   2.5409e+00   6.3891e-02   3.2340e-02   6.4469e+04   6.1328e+04   6.0939e+04   1.5850e+03
  1.5336e+01   1.5473e+01   2.7376e+00   1.6603e-02   3.1210e-02   8.9446e+04   8.9371e+04   8.8667e+04   2.2270e+03
  1.8682e+01   1.8835e+01   2.9343e+00   4.7012e-02   2.8372e-02   1.3453e+05   1.3041e+05   1.2941e+05   3.3260e+03
  2.2758e+01   2.2969e+01   3.1326e+00   1.2902e-02   2.5393e-02   1.8939e+05   1.8921e+05   1.8808e+05   4.7410e+03
  2.7724e+01   2.7969e+01   3.3296e+00   2.9024e-02   1.5844e-02   2.7647e+05   2.7363e+05   2.7108e+05   6.8560e+03
  3.3773e+01   3.4047e+01   3.5263e+00   3.6869e-02   1.8257e-02   4.0371e+05   3.9391e+05   3.9155e+05   1.0050e+04
  4.1142e+01   4.1505e+01   3.7244e+00   1.9587e-02   1.9782e-02   5.6232e+05   5.6010e+05   5.5573e+05   1.4024e+04
  5.0119e+01   5.0544e+01   3.9214e+00   2.7966e-03   1.4213e-02   7.7328e+05   7.8324e+05   7.7717e+05   1.9296e+04
  6.1054e+01   6.1574e+01   4.1188e+00   1.5502e-02   1.4676e-02   1.0732e+06   1.0776e+06   1.0670e+06   2.6777e+04
  7.4375e+01   7.4976e+01   4.3157e+00  -4.1270e-03   1.1165e-02   1.4351e+06   1.4607e+06   1.4509e+06   3.5684e+04
  9.0603e+01   9.1180e+01   4.5114e+00   8.5386e-03   1.2249e-02   1.8783e+06   1.9039e+06   1.8830e+06   4.6867e+04
