## {'tot': 67597910.48510715, 'coords': 'spherical', 'metric': 'Euclidean', 'sep_units': 'arcmin', 'bin_type': 'Log'}
#   r_nom       meanr       meanlogr        xi        sigma_xi        DD           RR           DR         npairs   
  1.1037e-01   1.1037e-01  -2.2039e+00  -9.5320e-01   3.3997e-02   0.0000e+00   9.1551e+00   8.9409e+00   0.0000e+00
  1.3445e-01   1.3445e-01  -2.0065e+00  -1.0086e+00   2.4197e-02   0.0000e+00   1.3379e+01   1.3436e+01   0.0000e+00
  1.6379e-01   1.6379e-01  -1.8092e+00  -1.0384e+00   2.7235e-02   0.0000e+00   1.9735e+01   2.0114e+01   0.0000e+00
  1.9953e-01   2.0231e-01  -1.5990e+00   1.1211e+00   1.4143e+00   6.0167e+01   2.9091e+01   2.8322e+01   2.0000e+00
  2.4306e-01   2.2600e-01  -1.4873e+00   6.3325e-01   1.1585e+00   6.9867e+01   4.2848e+01   4.2791e+01   2.0000e+00
  2.9609e-01   3.0566e-01  -1.1865e+00   9.5891e-01   1.0735e+00   1.2237e+02   6.3020e+01   6.2481e+01   3.0000e+00
  3.6070e-01   3.6254e-01  -1.0146e+00  -6.2315e-01   3.9659e-01   3.6226e+01   9.2705e+01   9.3350e+01   1.0000e+00
  4.3940e-01   4.4320e-01  -8.1627e-01   1.2287e+00   7.0731e-01   3.0196e+02   1.3644e+02   1.3538e+02   9.0000e+00
  5.3527e-01   5.3683e-01  -6.2364e-01   1.4972e+00   7.9148e-01   5.0110e+02   2.0116e+02   2.0054e+02   1.7000e+01
  6.5206e-01   6.2814e-01  -4.6608e-01   6.4131e-01   4.5542e-01   4.8655e+02   2.9675e+02   2.9650e+02   1.4000e+01
  7.9433e-01   7.9133e-01  -2.3524e-01   4.8650e-01   3.3791e-01   6.4949e+02   4.3777e+02   4.3714e+02   2.1000e+01
  9.6764e-01   9.9316e-01  -8.1189e-03   1.3945e+00   3.0531e-01   1.5500e+03   6.4603e+02   6.4758e+02   4.7000e+01
  1.1788e+00   1.1929e+00   1.7450e-01   4.1200e-01   2.9285e-01   1.3433e+03   9.5308e+02   9.5183e+02   3.8000e+01
  1.4360e+00   1.4608e+00   3.7753e-01   5.8455e-01   2.1611e-01   2.2312e+03   1.4041e+03   1.4073e+03   7.1000e+01
  1.7493e+00   1.7807e+00   5.7535e-01   4.4795e-01   2.1965e-01   3.0013e+03   2.0685e+03   2.0716e+03   9.4000e+01
  2.1309e+00   2.1554e+00   7.6640e-01   5.9221e-01   1.4653e-01   4.8552e+03   3.0482e+03   3.0491e+03   1.4900e+02
  2.5959e+00   2.6286e+00   9.6491e-01   1.6281e-01   9.6173e-02   5.2871e+03   4.4757e+03   4.5170e+03   1.6500e+02
  3.1623e+00   3.1845e+00   1.1569e+00   3.2032e-01   1.1704e-01   8.7458e+03   6.5791e+03   6.6087e+03   2.8000e+02
  3.8522e+00   3.8830e+00   1.3550e+00   3.0227e-01   8.7492e-02   1.2669e+04   9.6741e+03   9.7095e+03   3.9300e+02
  4.6928e+00   4.7464e+00   1.5559e+00   1.7330e-01   6.9384e-02   1.6777e+04   1.4207e+04   1.4261e+04   5.1600e+02
  5.7167e+00   5.7530e+00   1.7482e+00   2.3338e-01   9.6280e-02   2.5902e+04   2.0856e+04   2.0945e+04   8.0400e+02
  6.9640e+00   7.0157e+00   1.9466e+00   1.2105e-01   5.8663e-02   3.4476e+04   3.0483e+04   3.0635e+04   1.0820e+03
  8.4834e+00   8.5434e+00   2.1436e+00   1.7475e-01   6.2563e-02   5.3438e+04   4.4806e+04   4.5207e+04   1.6600e+03
  1.0334e+01   1.0410e+01   2.3412e+00   1.2344e-01   4.4396e-02   7.5181e+04   6.5572e+04   6.6330e+04   2.3510e+03
  1.2589e+01   1.2674e+01   2.5380e+00   1.1766e-01   4.5613e-02   1.0962e+05   9.6048e+04   9.7184e+04   3.4550e+03
  1.5336e+01   1.5438e+01   2.7353e+00   8.6072e-02   3.9053e-02   1.5561e+05   1.3997e+05   1.4176e+05   4.9270e+03
  1.8682e+01   1.8831e+01   2.9340e+00   8.8993e-02   4.3953e-02   2.2822e+05   2.0425e+05   2.0715e+05   7.1720e+03
  2.2758e+01   2.2922e+01   3.1306e+00   8.7741e-02   3.8776e-02   3.3070e+05   2.9633e+05   3.0052e+05   1.0466e+04
  2.7724e+01   2.7954e+01   3.3291e+00   7.1186e-02   3.0455e-02   4.7125e+05   4.2855e+05   4.3465e+05   1.4897e+04
  3.3773e+01   3.4022e+01   3.5255e+00   6.3923e-02   3.6578e-02   6.7529e+05   6.1692e+05   6.2638e+05   2.1243e+04
  4.1142e+01   4.1448e+01   3.7230e+00   3.5534e-02   3.0195e-02   9.3401e+05   8.7720e+05   8.9002e+05   2.9424e+04
  5.0119e+01   5.0505e+01   3.9206e+00   2.9080e-02   2.4822e-02   1.3009e+06   1.2267e+06   1.2460e+06   4.1044e+04
  6.1054e+01   6.1536e+01   4.1182e+00   1.5616e-02   1.7644e-02   1.7765e+06   1.6876e+06   1.7189e+06   5.6120e+04
  7.4375e+01   7.4946e+01   4.3153e+00   1.8733e-02   1.6170e-02   2.4094e+06   2.2877e+06   2.3271e+06   7.6114e+04
  9.0603e+01   9.1286e+01   4.5125e+00   1.2443e-02   1.8265e-02   3.0962e+06   2.9818e+06   3.0204e+06   9.7798e+04
