## {'tot': 2994261.2379982956, 'coords': 'spherical', 'metric': 'Euclidean', 'sep_units': 'arcmin', 'bin_type': 'Log'}
#   r_nom       meanr       meanlogr        xi        sigma_xi        DD           RR           DR         npairs   
  1.1037e-01   1.1037e-01  -2.2039e+00  -9.6716e-01   1.0483e-01   0.0000e+00   4.0553e-01   3.9887e-01   0.0000e+00
  1.3445e-01   1.3445e-01  -2.0065e+00  -9.3954e-01   6.4300e-02   0.0000e+00   5.9261e-01   5.7470e-01   0.0000e+00
  1.6379e-01   1.6379e-01  -1.8092e+00  -9.9296e-01   6.3872e-02   0.0000e+00   8.7417e-01   8.7109e-01   0.0000e+00
  1.9953e-01   1.9953e-01  -1.6118e+00  -9.8394e-01   5.4565e-02   0.0000e+00   1.2886e+00   1.2782e+00   0.0000e+00
  2.4306e-01   2.6327e-01  -1.3346e+00   1.7043e+01   1.8237e+01   3.4214e+01   1.8980e+00   1.8825e+00   1.0000e+00
  2.9609e-01   2.9609e-01  -1.2171e+00  -1.0460e+00   4.7400e-02   0.0000e+00   2.7915e+00   2.8557e+00   0.0000e+00
  3.6070e-01   3.6070e-01  -1.0197e+00  -1.0093e+00   2.5660e-02   0.0000e+00   4.1064e+00   4.1254e+00   0.0000e+00
  4.3940e-01   4.5806e-01  -7.8100e-01   1.1292e+01   1.2408e+01   7.4131e+01   6.0437e+00   5.9656e+00   2.0000e+00
  5.3527e-01   5.6607e-01  -5.6924e-01   7.0150e+00   8.1279e+00   7.1669e+01   8.9106e+00   9.0359e+00   2.0000e+00
  6.5206e-01   6.9752e-01  -3.6022e-01   2.2694e+00   3.3092e+00   4.2954e+01   1.3145e+01   1.3134e+01   1.0000e+00
  7.9433e-01   7.9845e-01  -2.2521e-01   9.1465e+00   8.1043e+00   1.9729e+02   1.9391e+01   1.9662e+01   4.0000e+00
  9.6764e-01   9.9069e-01  -1.0493e-02   1.8566e+00   2.0313e+00   8.2089e+01   2.8616e+01   2.8788e+01   2.0000e+00
  1.1788e+00   1.2218e+00   2.0016e-01   1.4508e+00   2.4869e+00   1.0342e+02   4.2217e+01   4.2196e+01   3.0000e+00
  1.4360e+00   1.3904e+00   3.2862e-01   7.8300e-01   1.2448e+00   1.1101e+02   6.2194e+01   6.2252e+01   3.0000e+00
  1.7493e+00   1.8572e+00   6.1906e-01  -6.2942e-01   3.7388e-01   3.4187e+01   9.1626e+01   9.1742e+01   1.0000e+00
  2.1309e+00   2.0214e+00   7.0335e-01   2.7605e-01   6.0765e-01   1.7334e+02   1.3502e+02   1.3554e+02   4.0000e+00
  2.5959e+00   2.5561e+00   9.3705e-01   7.1068e-01   7.7094e-01   3.4325e+02   1.9825e+02   2.0030e+02   7.0000e+00
  3.1623e+00   3.2611e+00   1.1806e+00   5.7005e-01   5.8613e-01   4.6243e+02   2.9142e+02   2.9386e+02   8.0000e+00
  3.8522e+00   3.8740e+00   1.3528e+00  -2.1391e-02   4.4457e-01   4.2669e+02   4.2852e+02   4.3219e+02   8.0000e+00
  4.6928e+00   4.8312e+00   1.5738e+00   5.1690e-01   3.3477e-01   9.6808e+02   6.2928e+02   6.3604e+02   2.0000e+01
  5.7167e+00   5.8160e+00   1.7589e+00   2.4790e-01   2.6773e-01   1.1719e+03   9.2380e+02   9.3336e+02   2.0000e+01
  6.9640e+00   6.9440e+00   1.9365e+00   3.7355e-01   2.3874e-01   1.8772e+03   1.3502e+03   1.3615e+03   4.0000e+01
  8.4834e+00   8.6571e+00   2.1566e+00   2.1256e-01   2.1535e-01   2.4249e+03   1.9847e+03   1.9939e+03   4.7000e+01
  1.0334e+01   1.0548e+01   2.3546e+00  -2.1854e-01   1.2771e-01   2.3031e+03   2.9045e+03   2.9212e+03   4.9000e+01
  1.2589e+01   1.2546e+01   2.5280e+00   1.6712e-01   1.5694e-01   5.0071e+03   4.2545e+03   4.2753e+03   9.6000e+01
  1.5336e+01   1.5487e+01   2.7384e+00  -2.1176e-02   1.0674e-01   6.1007e+03   6.2000e+03   6.2160e+03   1.2400e+02
  1.8682e+01   1.8932e+01   2.9394e+00  -1.2839e-01   1.0868e-01   8.1112e+03   9.0473e+03   9.1600e+03   1.6000e+02
  2.2758e+01   2.2920e+01   3.1307e+00  -9.5346e-02   6.3451e-02   1.2307e+04   1.3126e+04   1.3342e+04   2.5200e+02
  2.7724e+01   2.7946e+01   3.3288e+00   4.5153e-02   7.8868e-02   2.0076e+04   1.8983e+04   1.9101e+04   4.1400e+02
  3.3773e+01   3.4120e+01   3.5285e+00   1.7568e-02   5.7630e-02   2.8425e+04   2.7326e+04   2.7636e+04   5.9500e+02
  4.1142e+01   4.1521e+01   3.7248e+00  -2.7685e-02   5.6358e-02   3.7786e+04   3.8856e+04   3.8859e+04   7.9400e+02
  5.0119e+01   5.0442e+01   3.9193e+00  -8.5956e-03   4.9140e-02   5.2860e+04   5.4336e+04   5.3831e+04   1.0820e+03
  6.1054e+01   6.1594e+01   4.1191e+00   3.0279e-02   4.4827e-02   7.6756e+04   7.4753e+04   7.4623e+04   1.5960e+03
  7.4375e+01   7.4805e+01   4.3134e+00   2.3708e-03   4.3882e-02   1.0041e+05   1.0134e+05   1.0075e+05   2.0780e+03
  9.0603e+01   9.1222e+01   4.5118e+00   3.6414e-02   3.9000e-02   1.3223e+05   1.3208e+05   1.2975e+05   2.7460e+03
