## {'tot': 67361220576.84328, 'coords': 'spherical', 'metric': 'Euclidean', 'sep_units': 'arcmin', 'bin_type': 'Log'}
#   r_nom       meanr       meanlogr        xi        sigma_xi        DD           RR           DR         npairs   
  1.1037e-01   1.1144e-01  -2.1958e+00   4.8204e-01   6.8019e-02   2.1542e+04   1.4568e+04   1.4544e+04   4.6400e+02
  1.3445e-01   1.3489e-01  -2.0049e+00   4.5730e-01   4.9511e-02   3.0989e+04   2.1254e+04   2.1262e+04   6.8800e+02
  1.6379e-01   1.6482e-01  -1.8046e+00   4.5603e-01   4.5964e-02   4.5409e+04   3.1325e+04   3.1224e+04   1.0150e+03
  1.9953e-01   2.0086e-01  -1.6067e+00   3.5241e-01   3.6447e-02   6.1831e+04   4.6076e+04   4.5835e+04   1.3870e+03
  2.4306e-01   2.4485e-01  -1.4087e+00   3.2949e-01   3.0291e-02   8.9611e+04   6.7675e+04   6.7494e+04   2.0190e+03
  2.9609e-01   2.9811e-01  -1.2119e+00   2.3775e-01   2.0689e-02   1.2254e+05   9.9277e+04   9.9109e+04   2.7360e+03
  3.6070e-01   3.6295e-01  -1.0151e+00   2.1538e-01   2.1648e-02   1.7635e+05   1.4553e+05   1.4527e+05   3.9910e+03
  4.3940e-01   4.4222e-01  -8.1755e-01   1.6959e-01   1.4123e-02   2.4906e+05   2.1353e+05   2.1319e+05   5.6500e+03
  5.3527e-01   5.3871e-01  -6.2018e-01   1.8536e-01   1.6528e-02   3.7030e+05   3.1413e+05   3.1310e+05   8.3990e+03
  6.5206e-01   6.5633e-01  -4.2266e-01   1.3794e-01   1.2763e-02   5.2345e+05   4.6266e+05   4.6115e+05   1.1811e+04
  7.9433e-01   8.0072e-01  -2.2378e-01   1.0738e-01   1.1021e-02   7.5056e+05   6.8137e+05   6.7938e+05   1.7117e+04
  9.6764e-01   9.7510e-01  -2.6752e-02   1.0079e-01   9.2103e-03   1.1005e+06   1.0031e+06   1.0012e+06   2.5042e+04
  1.1788e+00   1.1883e+00   1.7097e-01   8.8200e-02   8.4718e-03   1.6065e+06   1.4782e+06   1.4772e+06   3.6754e+04
  1.4360e+00   1.4476e+00   3.6844e-01   7.9484e-02   6.8654e-03   2.3483e+06   2.1787e+06   2.1769e+06   5.3713e+04
  1.7493e+00   1.7636e+00   5.6588e-01   6.8524e-02   5.0856e-03   3.4331e+06   3.2005e+06   3.2072e+06   7.8765e+04
  2.1309e+00   2.1479e+00   7.6301e-01   6.0726e-02   6.6895e-03   4.9855e+06   4.7071e+06   4.7034e+06   1.1441e+05
  2.5959e+00   2.6177e+00   9.6083e-01   5.4556e-02   5.2187e-03   7.2711e+06   6.9294e+06   6.9112e+06   1.6711e+05
  3.1623e+00   3.1892e+00   1.1583e+00   4.2490e-02   5.0290e-03   1.0631e+07   1.0159e+07   1.0179e+07   2.4430e+05
  3.8522e+00   3.8863e+00   1.3560e+00   3.6631e-02   4.1698e-03   1.5434e+07   1.4941e+07   1.4914e+07   3.5516e+05
  4.6928e+00   4.7331e+00   1.5531e+00   3.1232e-02   3.8417e-03   2.2591e+07   2.1853e+07   2.1881e+07   5.2006e+05
  5.7167e+00   5.7660e+00   1.7505e+00   3.2127e-02   4.4473e-03   3.3001e+07   3.2121e+07   3.2045e+07   7.5964e+05
  6.9640e+00   7.0258e+00   1.9481e+00   2.1557e-02   3.7034e-03   4.7965e+07   4.7105e+07   4.7027e+07   1.1046e+06
  8.4834e+00   8.5591e+00   2.1455e+00   2.1243e-02   3.3611e-03   6.9893e+07   6.8941e+07   6.8685e+07   1.6108e+06
  1.0334e+01   1.0429e+01   2.3431e+00   1.3263e-02   3.0630e-03   1.0220e+08   1.0066e+08   1.0076e+08   2.3546e+06
  1.2589e+01   1.2704e+01   2.5405e+00   1.6338e-02   3.4043e-03   1.4963e+08   1.4780e+08   1.4751e+08   3.4498e+06
  1.5336e+01   1.5476e+01   2.7379e+00   1.5739e-02   2.8510e-03   2.1863e+08   2.1596e+08   2.1560e+08   5.0399e+06
  1.8682e+01   1.8857e+01   2.9355e+00   1.3335e-02   2.8215e-03   3.1807e+08   3.1376e+08   3.1382e+08   7.3296e+06
  2.2758e+01   2.2975e+01   3.1330e+00   9.4411e-03   3.1535e-03   4.6077e+08   4.5411e+08   4.5530e+08   1.0622e+07
  2.7724e+01   2.7987e+01   3.3303e+00   9.4667e-03   3.7225e-03   6.6503e+08   6.5914e+08   6.5896e+08   1.5328e+07
  3.3773e+01   3.4088e+01   3.5275e+00   9.2799e-03   3.0681e-03   9.5630e+08   9.4440e+08   9.4597e+08   2.2042e+07
  4.1142e+01   4.1510e+01   3.7245e+00   8.6074e-03   3.2758e-03   1.3551e+09   1.3390e+09   1.3413e+09   3.1214e+07
  5.0119e+01   5.0561e+01   3.9218e+00   4.5714e-03   3.5886e-03   1.8909e+09   1.8627e+09   1.8725e+09   4.3539e+07
  6.1054e+01   6.1592e+01   4.1191e+00   2.0553e-03   2.9462e-03   2.5806e+09   2.5548e+09   2.5651e+09   5.9405e+07
  7.4375e+01   7.5001e+01   4.3160e+00   7.3504e-04   2.4520e-03   3.4582e+09   3.4050e+09   3.4303e+09   7.9543e+07
  9.0603e+01   9.1248e+01   4.5121e+00   1.2162e-04   2.3928e-03   4.4585e+09   4.3734e+09   4.4157e+09   1.0249e+08
