## {'tot': 9851774.886806512, 'coords': 'spherical', 'metric': 'Euclidean', 'sep_units': 'arcmin', 'bin_type': 'Log'}
#   r_nom       meanr       meanlogr        xi        sigma_xi        DD           RR           DR         npairs   
  1.1037e-01   1.1037e-01  -2.2039e+00  -1.0591e+00   6.4799e-02   0.0000e+00   2.1306e+00   2.1935e+00   0.0000e+00
  1.3445e-01   1.3445e-01  -2.0065e+00  -1.0180e+00   4.6367e-02   0.0000e+00   3.1084e+00   3.1364e+00   0.0000e+00
  1.6379e-01   1.6379e-01  -1.8092e+00  -1.0226e+00   4.4821e-02   0.0000e+00   4.5814e+00   4.6332e+00   0.0000e+00
  1.9953e-01   1.9953e-01  -1.6118e+00  -1.0401e+00   3.3789e-02   0.0000e+00   6.7388e+00   6.8738e+00   0.0000e+00
  2.4306e-01   2.4306e-01  -1.4144e+00  -1.0157e+00   2.6429e-02   0.0000e+00   9.8977e+00   9.9755e+00   0.0000e+00
  2.9609e-01   2.9609e-01  -1.2171e+00  -1.0189e+00   2.4174e-02   0.0000e+00   1.4520e+01   1.4657e+01   0.0000e+00
  3.6070e-01   3.5308e-01  -1.0411e+00   1.0341e+00   2.0312e+00   4.2997e+01   2.1284e+01   2.1136e+01   1.0000e+00
  4.3940e-01   4.3510e-01  -8.3263e-01   2.6423e+00   2.0978e+00   1.1390e+02   3.1229e+01   3.1308e+01   4.0000e+00
  5.3527e-01   5.2764e-01  -6.4219e-01   3.0392e-01   9.2402e-01   5.9439e+01   4.5943e+01   4.5710e+01   2.0000e+00
  6.5206e-01   6.3692e-01  -4.5305e-01   1.6450e+00   1.0858e+00   1.7713e+02   6.7665e+01   6.6744e+01   6.0000e+00
  7.9433e-01   7.9934e-01  -2.2443e-01   1.2823e+00   7.4372e-01   2.2661e+02   9.9653e+01   9.9238e+01   9.0000e+00
  9.6764e-01   9.8106e-01  -1.9810e-02  -2.6132e-01   3.5568e-01   1.0774e+02   1.4670e+02   1.4639e+02   4.0000e+00
  1.1788e+00   1.1770e+00   1.6163e-01   5.1568e-01   5.0074e-01   3.2770e+02   2.1619e+02   2.1621e+02   1.0000e+01
  1.4360e+00   1.4698e+00   3.8284e-01   8.8172e-02   2.6642e-01   3.4164e+02   3.1864e+02   3.1609e+02   1.2000e+01
  1.7493e+00   1.7749e+00   5.7192e-01  -1.7939e-01   2.9007e-01   3.8462e+02   4.6808e+02   4.6833e+02   1.4000e+01
  2.1309e+00   2.1444e+00   7.6137e-01   6.4539e-01   2.3388e-01   1.1241e+03   6.8843e+02   6.8410e+02   3.9000e+01
  2.5959e+00   2.6150e+00   9.5996e-01   1.0725e-01   1.7432e-01   1.1086e+03   1.0134e+03   1.0067e+03   3.9000e+01
  3.1623e+00   3.1953e+00   1.1603e+00   2.5559e-01   1.6862e-01   1.8653e+03   1.4857e+03   1.4856e+03   6.5000e+01
  3.8522e+00   3.8570e+00   1.3483e+00   2.5687e-01   1.8305e-01   2.7701e+03   2.1851e+03   2.1970e+03   9.3000e+01
  4.6928e+00   4.7116e+00   1.5484e+00   1.5819e-01   1.0648e-01   3.7162e+03   3.1961e+03   3.2033e+03   1.2800e+02
  5.7167e+00   5.7525e+00   1.7480e+00   1.2884e-01   9.5616e-02   5.2505e+03   4.6977e+03   4.6715e+03   1.7600e+02
  6.9640e+00   6.9760e+00   1.9407e+00   8.7820e-02   1.3033e-01   7.5665e+03   6.8892e+03   6.9254e+03   2.6000e+02
  8.4834e+00   8.5255e+00   2.1415e+00   5.0793e-02   6.8255e-02   1.0708e+04   1.0083e+04   1.0139e+04   3.6300e+02
  1.0334e+01   1.0430e+01   2.3432e+00   7.0389e-02   4.7073e-02   1.6056e+04   1.4721e+04   1.4871e+04   5.4800e+02
  1.2589e+01   1.2718e+01   2.5414e+00   8.6532e-02   3.5910e-02   2.3782e+04   2.1616e+04   2.1764e+04   8.2300e+02
  1.5336e+01   1.5522e+01   2.7408e+00   6.1598e-02   4.9984e-02   3.3980e+04   3.1585e+04   3.1810e+04   1.1640e+03
  1.8682e+01   1.8803e+01   2.9325e+00   7.0456e-02   5.5312e-02   4.9636e+04   4.5888e+04   4.6145e+04   1.7040e+03
  2.2758e+01   2.2946e+01   3.1317e+00   9.8316e-02   3.8510e-02   7.3487e+04   6.6415e+04   6.6686e+04   2.5050e+03
  2.7724e+01   2.8006e+01   3.3309e+00   7.2699e-02   3.0078e-02   1.0537e+05   9.6401e+04   9.7382e+04   3.5970e+03
  3.3773e+01   3.4076e+01   3.5271e+00   7.5423e-02   2.6540e-02   1.5087e+05   1.3812e+05   1.3929e+05   5.1290e+03
  4.1142e+01   4.1429e+01   3.7225e+00   5.2096e-02   3.0413e-02   2.0958e+05   1.9583e+05   1.9761e+05   7.1920e+03
  5.0119e+01   5.0510e+01   3.9207e+00   4.3273e-02   2.7619e-02   2.8270e+05   2.7242e+05   2.7167e+05   9.6240e+03
  6.1054e+01   6.1502e+01   4.1176e+00   1.3607e-02   2.9233e-02   3.7261e+05   3.7365e+05   3.7059e+05   1.2757e+04
  7.4375e+01   7.4816e+01   4.3136e+00   2.3465e-02   2.0102e-02   4.9826e+05   4.9800e+05   4.9229e+05   1.7076e+04
  9.0603e+01   9.1060e+01   4.5101e+00   3.8905e-02   2.3839e-02   6.4532e+05   6.3962e+05   6.3002e+05   2.2085e+04
