## {'tot': 360419713692.93976, 'coords': 'spherical', 'metric': 'Euclidean', 'sep_units': 'arcmin', 'bin_type': 'Log'}
#   r_nom       meanr       meanlogr        xi        sigma_xi        DD           RR           DR         npairs   
  1.1037e-01   1.1113e-01  -2.1986e+00   3.9286e-01   2.4116e-02   1.0778e+05   7.7946e+04   7.7551e+04   2.2660e+03
  1.3445e-01   1.3536e-01  -2.0014e+00   3.2425e-01   2.5856e-02   1.5013e+05   1.1372e+05   1.1349e+05   3.1740e+03
  1.6379e-01   1.6471e-01  -1.8051e+00   2.7253e-01   2.1902e-02   2.1253e+05   1.6761e+05   1.6723e+05   4.5360e+03
  1.9953e-01   2.0101e-01  -1.6060e+00   2.4450e-01   2.1139e-02   3.0428e+05   2.4653e+05   2.4527e+05   6.5540e+03
  2.4306e-01   2.4498e-01  -1.4082e+00   2.0171e-01   1.5551e-02   4.3349e+05   3.6210e+05   3.6128e+05   9.3080e+03
  2.9609e-01   2.9852e-01  -1.2105e+00   1.6892e-01   1.2033e-02   6.1835e+05   5.3119e+05   5.2990e+05   1.3293e+04
  3.6070e-01   3.6355e-01  -1.0134e+00   1.4408e-01   9.6936e-03   8.8753e+05   7.7866e+05   7.7700e+05   1.9146e+04
  4.3940e-01   4.4271e-01  -8.1640e-01   1.2856e-01   8.9014e-03   1.2815e+06   1.1425e+06   1.1386e+06   2.7720e+04
  5.3527e-01   5.3930e-01  -6.1903e-01   1.0582e-01   6.6950e-03   1.8516e+06   1.6808e+06   1.6773e+06   4.0003e+04
  6.5206e-01   6.5719e-01  -4.2130e-01   8.4437e-02   8.2564e-03   2.6821e+06   2.4755e+06   2.4743e+06   5.8124e+04
  7.9433e-01   8.0059e-01  -2.2392e-01   7.0377e-02   6.6363e-03   3.8959e+06   3.6457e+06   3.6425e+06   8.4603e+04
  9.6764e-01   9.7533e-01  -2.6490e-02   6.6855e-02   4.3336e-03   5.7289e+06   5.3669e+06   5.3685e+06   1.2438e+05
  1.1788e+00   1.1885e+00   1.7117e-01   5.4241e-02   4.7325e-03   8.3370e+06   7.9093e+06   7.9087e+06   1.8116e+05
  1.4360e+00   1.4482e+00   3.6881e-01   5.2064e-02   2.9871e-03   1.2238e+07   1.1657e+07   1.1644e+07   2.6584e+05
  1.7493e+00   1.7645e+00   5.6637e-01   4.4182e-02   2.6502e-03   1.7922e+07   1.7124e+07   1.7145e+07   3.8992e+05
  2.1309e+00   2.1493e+00   7.6365e-01   3.9913e-02   3.2579e-03   2.6198e+07   2.5186e+07   2.5189e+07   5.7030e+05
  2.5959e+00   2.6181e+00   9.6099e-01   3.7246e-02   3.0968e-03   3.8262e+07   3.7076e+07   3.6978e+07   8.3313e+05
  3.1623e+00   3.1899e+00   1.1585e+00   2.5698e-02   3.0874e-03   5.5904e+07   5.4354e+07   5.4431e+07   1.2168e+06
  3.8522e+00   3.8860e+00   1.3559e+00   2.7215e-02   2.8513e-03   8.1795e+07   7.9941e+07   7.9780e+07   1.7819e+06
  4.6928e+00   4.7341e+00   1.5533e+00   2.0315e-02   2.7019e-03   1.1971e+08   1.1693e+08   1.1713e+08   2.6090e+06
  5.7167e+00   5.7681e+00   1.7509e+00   2.3864e-02   2.6231e-03   1.7521e+08   1.7186e+08   1.7148e+08   3.8161e+06
  6.9640e+00   7.0272e+00   1.9483e+00   1.7797e-02   2.6763e-03   2.5563e+08   2.5204e+08   2.5159e+08   5.5721e+06
  8.4834e+00   8.5609e+00   2.1457e+00   1.8050e-02   2.5589e-03   3.7387e+08   3.6887e+08   3.6804e+08   8.1490e+06
  1.0334e+01   1.0431e+01   2.3433e+00   1.1272e-02   2.4291e-03   5.4663e+08   5.3857e+08   5.3956e+08   1.1914e+07
  1.2589e+01   1.2707e+01   2.5407e+00   1.4051e-02   2.4268e-03   7.9907e+08   7.9081e+08   7.8938e+08   1.7417e+07
  1.5336e+01   1.5480e+01   2.7381e+00   1.0195e-02   2.5667e-03   1.1641e+09   1.1555e+09   1.1539e+09   2.5377e+07
  1.8682e+01   1.8858e+01   2.9355e+00   1.1599e-02   2.2354e-03   1.6951e+09   1.6788e+09   1.6772e+09   3.6948e+07
  2.2758e+01   2.2976e+01   3.1330e+00   4.8478e-03   2.4423e-03   2.4596e+09   2.4297e+09   2.4388e+09   5.3607e+07
  2.7724e+01   2.7992e+01   3.3305e+00   8.0700e-03   2.5156e-03   3.5560e+09   3.5267e+09   3.5272e+09   7.7504e+07
  3.3773e+01   3.4098e+01   3.5278e+00   6.9662e-03   2.2407e-03   5.1058e+09   5.0530e+09   5.0618e+09   1.1123e+08
  4.1142e+01   4.1517e+01   3.7247e+00   8.6065e-03   2.4241e-03   7.2289e+09   7.1643e+09   7.1658e+09   1.5743e+08
  5.0119e+01   5.0564e+01   3.9218e+00   4.2283e-03   2.1137e-03   1.0092e+10   9.9662e+09   1.0008e+10   2.1971e+08
  6.1054e+01   6.1593e+01   4.1191e+00   1.9287e-03   2.3455e-03   1.3771e+10   1.3670e+10   1.3707e+10   2.9970e+08
  7.4375e+01   7.5003e+01   4.3161e+00   3.0561e-03   1.7345e-03   1.8409e+10   1.8219e+10   1.8286e+10   4.0054e+08
  9.0603e+01   9.1260e+01   4.5123e+00  -3.5070e-04   1.9660e-03   2.3697e+10   2.3400e+10   2.3553e+10   5.1579e+08
