## {'tot': 10416663040.258108, 'coords': 'spherical', 'metric': 'Euclidean', 'sep_units': 'arcmin', 'bin_type': 'Log'}
#   r_nom       meanr       meanlogr        xi        sigma_xi        DD           RR           DR         npairs   
  1.1037e-01   1.1219e-01  -2.1890e+00   8.4177e-01   2.0260e-01   4.1323e+03   2.2527e+03   2.2444e+03   9.7000e+01
  1.3445e-01   1.3538e-01  -2.0014e+00   1.0184e+00   1.5023e-01   6.6661e+03   3.2867e+03   3.3029e+03   1.5700e+02
  1.6379e-01   1.6469e-01  -1.8053e+00   7.4842e-01   1.1242e-01   8.4180e+03   4.8441e+03   4.8183e+03   1.9900e+02
  1.9953e-01   2.0154e-01  -1.6032e+00   7.3359e-01   1.0485e-01   1.2343e+04   7.1252e+03   7.1206e+03   3.0400e+02
  2.4306e-01   2.4412e-01  -1.4117e+00   5.6591e-01   7.6874e-02   1.6208e+04   1.0465e+04   1.0376e+04   3.9600e+02
  2.9609e-01   2.9804e-01  -1.2121e+00   5.5038e-01   8.1403e-02   2.3590e+04   1.5352e+04   1.5246e+04   5.5200e+02
  3.6070e-01   3.6461e-01  -1.0105e+00   4.7647e-01   5.4875e-02   3.2932e+04   2.2505e+04   2.2357e+04   8.0800e+02
  4.3940e-01   4.4212e-01  -8.1775e-01   3.2999e-01   3.2984e-02   4.3569e+04   3.3020e+04   3.2846e+04   1.0790e+03
  5.3527e-01   5.3691e-01  -6.2347e-01   2.1961e-01   4.2001e-02   5.8551e+04   4.8577e+04   4.8230e+04   1.4150e+03
  6.5206e-01   6.5705e-01  -4.2157e-01   2.2005e-01   3.7486e-02   8.6707e+04   7.1545e+04   7.1254e+04   2.1210e+03
  7.9433e-01   7.9935e-01  -2.2556e-01   1.7415e-01   2.9877e-02   1.2321e+05   1.0537e+05   1.0511e+05   3.0750e+03
  9.6764e-01   9.7523e-01  -2.6635e-02   1.4965e-01   2.6126e-02   1.7709e+05   1.5511e+05   1.5449e+05   4.4340e+03
  1.1788e+00   1.1886e+00   1.7124e-01   1.7548e-01   2.0097e-02   2.6796e+05   2.2859e+05   2.2822e+05   6.6230e+03
  1.4360e+00   1.4473e+00   3.6814e-01   1.2387e-01   1.7621e-02   3.7732e+05   3.3692e+05   3.3625e+05   9.4060e+03
  1.7493e+00   1.7636e+00   5.6585e-01   1.0890e-01   1.9138e-02   5.5139e+05   4.9492e+05   4.9621e+05   1.3767e+04
  2.1309e+00   2.1487e+00   7.6333e-01   9.3778e-02   1.6372e-02   7.9534e+05   7.2790e+05   7.2749e+05   1.9873e+04
  2.5959e+00   2.6168e+00   9.6046e-01   7.7483e-02   1.5161e-02   1.1508e+06   1.0716e+06   1.0697e+06   2.8769e+04
  3.1623e+00   3.1871e+00   1.1576e+00   7.4584e-02   1.2468e-02   1.6926e+06   1.5709e+06   1.5732e+06   4.2332e+04
  3.8522e+00   3.8848e+00   1.3556e+00   6.5589e-02   1.1658e-02   2.4607e+06   2.3104e+06   2.3098e+06   6.1715e+04
  4.6928e+00   4.7346e+00   1.5534e+00   5.8924e-02   1.2555e-02   3.5935e+06   3.3793e+06   3.3868e+06   8.9938e+04
  5.7167e+00   5.7656e+00   1.7505e+00   4.8602e-02   1.1654e-02   5.1932e+06   4.9671e+06   4.9594e+06   1.3033e+05
  6.9640e+00   7.0250e+00   1.9480e+00   3.5277e-02   1.0415e-02   7.5774e+06   7.2842e+06   7.3023e+06   1.9038e+05
  8.4834e+00   8.5603e+00   2.1457e+00   3.5601e-02   1.0862e-02   1.1086e+07   1.0661e+07   1.0684e+07   2.7858e+05
  1.0334e+01   1.0426e+01   2.3429e+00   2.3398e-02   7.9477e-03   1.6131e+07   1.5565e+07   1.5666e+07   4.0507e+05
  1.2589e+01   1.2698e+01   2.5400e+00   2.3077e-02   9.1493e-03   2.3562e+07   2.2856e+07   2.2945e+07   5.9161e+05
  1.5336e+01   1.5471e+01   2.7375e+00   1.5878e-02   9.7691e-03   3.4256e+07   3.3396e+07   3.3561e+07   8.6048e+05
  1.8682e+01   1.8854e+01   2.9353e+00   1.9790e-02   8.8231e-03   5.0103e+07   4.8519e+07   4.8831e+07   1.2582e+06
  2.2758e+01   2.2965e+01   3.1325e+00   1.2630e-02   1.0049e-02   7.2510e+07   7.0223e+07   7.0923e+07   1.8200e+06
  2.7724e+01   2.7977e+01   3.3299e+00   1.6245e-02   1.0866e-02   1.0515e+08   1.0193e+08   1.0271e+08   2.6397e+06
  3.3773e+01   3.4079e+01   3.5272e+00   1.6343e-02   8.9458e-03   1.5121e+08   1.4604e+08   1.4743e+08   3.7922e+06
  4.1142e+01   4.1511e+01   3.7245e+00   1.4021e-02   8.5377e-03   2.1490e+08   2.0706e+08   2.0953e+08   5.3878e+06
  5.0119e+01   5.0562e+01   3.9218e+00   9.2554e-03   8.3854e-03   2.9956e+08   2.8804e+08   2.9247e+08   7.5096e+06
  6.1054e+01   6.1581e+01   4.1189e+00   7.3184e-03   5.3362e-03   4.0951e+08   3.9507e+08   4.0085e+08   1.0265e+07
  7.4375e+01   7.4977e+01   4.3157e+00   3.1379e-03   3.5900e-03   5.4516e+08   5.2655e+08   5.3503e+08   1.3677e+07
  9.0603e+01   9.1250e+01   4.5122e+00   1.5267e-04   3.1969e-03   7.0248e+08   6.7629e+08   6.8934e+08   1.7632e+07
