## {'tot': 1571610326314.0564, 'coords': 'spherical', 'metric': 'Euclidean', 'sep_units': 'arcmin', 'bin_type': 'Log'}
#   r_nom       meanr       meanlogr        xi        sigma_xi        DD           RR           DR         npairs   
  1.1037e-01   1.1114e-01  -2.1985e+00   2.0292e-01   1.4762e-02   4.0694e+05   3.3988e+05   3.3893e+05   9.4850e+03
  1.3445e-01   1.3542e-01  -2.0010e+00   1.7944e-01   1.3642e-02   5.8352e+05   4.9588e+05   4.9521e+05   1.3693e+04
  1.6379e-01   1.6506e-01  -1.8030e+00   1.6891e-01   9.1288e-03   8.4694e+05   7.3085e+05   7.2717e+05   1.9808e+04
  1.9953e-01   2.0101e-01  -1.6060e+00   1.2688e-01   8.4083e-03   1.2052e+06   1.0750e+06   1.0719e+06   2.8350e+04
  2.4306e-01   2.4493e-01  -1.4084e+00   1.1294e-01   7.8143e-03   1.7499e+06   1.5789e+06   1.5752e+06   4.1202e+04
  2.9609e-01   2.9841e-01  -1.2108e+00   9.9695e-02   6.3175e-03   2.5376e+06   2.3163e+06   2.3114e+06   5.9795e+04
  3.6070e-01   3.6360e-01  -1.0132e+00   9.1417e-02   5.5364e-03   3.6934e+06   3.3954e+06   3.3892e+06   8.7014e+04
  4.3940e-01   4.4297e-01  -8.1581e-01   6.9625e-02   4.5371e-03   5.3265e+06   4.9819e+06   4.9808e+06   1.2553e+05
  5.3527e-01   5.3941e-01  -6.1881e-01   6.1695e-02   4.7116e-03   7.7805e+06   7.3291e+06   7.3287e+06   1.8376e+05
  6.5206e-01   6.5732e-01  -4.2108e-01   5.1614e-02   4.0323e-03   1.1335e+07   1.0794e+07   1.0786e+07   2.6753e+05
  7.9433e-01   8.0093e-01  -2.2348e-01   4.8159e-02   4.1539e-03   1.6677e+07   1.5897e+07   1.5904e+07   3.9362e+05
  9.6764e-01   9.7571e-01  -2.6078e-02   3.7956e-02   4.0911e-03   2.4340e+07   2.3402e+07   2.3427e+07   5.7489e+05
  1.1788e+00   1.1888e+00   1.7145e-01   3.1744e-02   2.9126e-03   3.5641e+07   3.4489e+07   3.4517e+07   8.4215e+05
  1.4360e+00   1.4483e+00   3.6892e-01   2.9222e-02   3.3916e-03   5.2287e+07   5.0832e+07   5.0817e+07   1.2352e+06
  1.7493e+00   1.7644e+00   5.6636e-01   2.4899e-02   2.6606e-03   7.6777e+07   7.4671e+07   7.4794e+07   1.8135e+06
  2.1309e+00   2.1495e+00   7.6375e-01   2.0176e-02   2.8779e-03   1.1221e+08   1.0982e+08   1.0991e+08   2.6500e+06
  2.5959e+00   2.6187e+00   9.6122e-01   2.2572e-02   2.4434e-03   1.6451e+08   1.6167e+08   1.6127e+08   3.8857e+06
  3.1623e+00   3.1903e+00   1.1587e+00   1.5181e-02   2.4108e-03   2.4110e+08   2.3701e+08   2.3726e+08   5.6935e+06
  3.8522e+00   3.8870e+00   1.3562e+00   1.9082e-02   2.0362e-03   3.5348e+08   3.4858e+08   3.4771e+08   8.3448e+06
  4.6928e+00   4.7354e+00   1.5536e+00   1.1782e-02   1.9768e-03   5.1808e+08   5.0985e+08   5.1097e+08   1.2232e+07
  5.7167e+00   5.7694e+00   1.7511e+00   1.3655e-02   1.9489e-03   7.5905e+08   7.4941e+08   7.4911e+08   1.7916e+07
  6.9640e+00   7.0283e+00   1.9485e+00   1.1685e-02   1.4962e-03   1.1096e+09   1.0990e+09   1.0979e+09   2.6181e+07
  8.4834e+00   8.5632e+00   2.1460e+00   1.3728e-02   1.5278e-03   1.6256e+09   1.6085e+09   1.6060e+09   3.8350e+07
  1.0334e+01   1.0433e+01   2.3435e+00   5.8052e-03   1.6178e-03   2.3781e+09   2.3484e+09   2.3565e+09   5.6108e+07
  1.2589e+01   1.2710e+01   2.5410e+00   9.1520e-03   1.4917e-03   3.4806e+09   3.4483e+09   3.4487e+09   8.2110e+07
  1.5336e+01   1.5486e+01   2.7385e+00   6.0252e-03   1.5547e-03   5.0777e+09   5.0386e+09   5.0430e+09   1.1978e+08
  1.8682e+01   1.8862e+01   2.9357e+00   5.6850e-03   1.5717e-03   7.3735e+09   7.3203e+09   7.3261e+09   1.7396e+08
  2.2758e+01   2.2977e+01   3.1331e+00   2.0133e-03   1.4802e-03   1.0715e+10   1.0595e+10   1.0644e+10   2.5284e+08
  2.7724e+01   2.7998e+01   3.3307e+00   3.9446e-03   1.4268e-03   1.5512e+10   1.5378e+10   1.5415e+10   3.6594e+08
  3.3773e+01   3.4106e+01   3.5280e+00   2.5517e-03   1.6304e-03   2.2234e+10   2.2034e+10   2.2106e+10   5.2433e+08
  4.1142e+01   4.1520e+01   3.7247e+00   3.4996e-03   1.3138e-03   3.1430e+10   3.1240e+10   3.1280e+10   7.4110e+08
  5.0119e+01   5.0558e+01   3.9217e+00   1.5580e-03   1.3424e-03   4.3912e+10   4.3458e+10   4.3651e+10   1.0356e+09
  6.1054e+01   6.1600e+01   4.1192e+00  -5.8782e-04   9.3256e-04   6.0074e+10   5.9607e+10   5.9858e+10   1.4167e+09
  7.4375e+01   7.5001e+01   4.3160e+00   4.1436e-04   1.1762e-03   8.0168e+10   7.9443e+10   7.9789e+10   1.8911e+09
  9.0603e+01   9.1251e+01   4.5122e+00  -6.1235e-04   1.1468e-03   1.0289e+11   1.0204e+11   1.0250e+11   2.4301e+09
