## {'tot': 660547069.4341496, 'coords': 'spherical', 'metric': 'Euclidean', 'sep_units': 'arcmin', 'bin_type': 'Log'}
#   r_nom       meanr       meanlogr        xi        sigma_xi        DD           RR           DR         npairs   
  1.4125e-01   1.5821e-01  -1.8585e+00   7.2178e-01   2.8272e-01   2.2344e+03   1.2987e+03   1.2979e+03   6.0000e+01
  2.8184e-01   3.0162e-01  -1.2149e+00   6.3563e-01   9.6750e-02   8.2153e+03   5.0452e+03   5.0268e+03   2.2400e+02
  5.6234e-01   6.1365e-01  -5.0570e-01   4.0376e-01   7.0108e-02   2.7449e+04   1.9643e+04   1.9580e+04   7.3800e+02
  1.1220e+00   1.2277e+00   1.8852e-01   2.3921e-01   3.0831e-02   9.4934e+04   7.6523e+04   7.6576e+04   2.5790e+03
  2.2387e+00   2.4432e+00   8.7700e-01   1.3954e-01   1.9034e-02   3.3750e+05   2.9633e+05   2.9624e+05   9.2590e+03
  4.4668e+00   4.8848e+00   1.5701e+00   7.7618e-02   1.3413e-02   1.2220e+06   1.1356e+06   1.1347e+06   3.3887e+04
  8.9125e+00   9.7599e+00   2.2622e+00   3.9321e-02   1.2039e-02   4.4416e+06   4.3034e+06   4.2879e+06   1.2359e+05
  1.7783e+01   1.9490e+01   2.9540e+00   2.5142e-02   1.1530e-02   1.6523e+07   1.6069e+07   1.6094e+07   4.6083e+05
  3.5481e+01   3.8719e+01   3.6401e+00   1.0045e-02   8.3030e-03   5.9373e+07   5.7375e+07   5.8086e+07   1.6546e+06
  7.0795e+01   7.5959e+01   4.3130e+00  -1.0361e-03   4.9152e-03   1.7591e+08   1.6798e+08   1.7203e+08   4.9010e+06
