## {'tot': 851699850674.7373, 'coords': 'spherical', 'metric': 'Euclidean', 'sep_units': 'arcmin', 'bin_type': 'Log'}
#   r_nom       meanr       meanlogr        xi        sigma_xi        DD           RR           DR         npairs   
  1.4125e-01   1.5413e-01  -1.8872e+00   1.4329e-01   7.0692e-03   1.8997e+06   1.6745e+06   1.6671e+06   4.4462e+04
  2.8184e-01   3.0840e-01  -1.1926e+00   7.4458e-02   3.6245e-03   7.0019e+06   6.5053e+06   6.5114e+06   1.6414e+05
  5.6234e-01   6.1644e-01  -4.9963e-01   4.4423e-02   2.2531e-03   2.6507e+07   2.5328e+07   2.5355e+07   6.2303e+05
  1.1220e+00   1.2306e+00   1.9169e-01   2.6161e-02   1.9437e-03   1.0164e+08   9.8667e+07   9.8863e+07   2.3902e+06
  2.2387e+00   2.4561e+00   8.8267e-01   1.6193e-02   1.4523e-03   3.8903e+08   3.8208e+08   3.8246e+08   9.1556e+06
  4.4668e+00   4.9001e+00   1.5733e+00   9.6731e-03   1.4040e-03   1.4810e+09   1.4642e+09   1.4655e+09   3.4847e+07
  8.9125e+00   9.7753e+00   2.2638e+00   7.2046e-03   1.1427e-03   5.5896e+09   5.5487e+09   5.5492e+09   1.3157e+08
  1.7783e+01   1.9489e+01   2.9536e+00   2.7495e-03   8.6594e-04   2.0833e+10   2.0719e+10   2.0748e+10   4.9082e+08
  3.5481e+01   3.8738e+01   3.6404e+00   2.5915e-04   7.7980e-04   7.4452e+10   7.3979e+10   7.4206e+10   1.7545e+09
  7.0795e+01   7.6015e+01   4.3136e+00  -2.3761e-04   4.7318e-04   2.1618e+11   2.1659e+11   2.1641e+11   5.0988e+09
