## {'tot': 5885706325.169005, 'coords': 'spherical', 'metric': 'Euclidean', 'sep_units': 'arcmin', 'bin_type': 'Log'}
#   r_nom       meanr       meanlogr        xi        sigma_xi        DD           RR           DR         npairs   
  1.4125e-01   1.5317e-01  -1.8936e+00   6.8687e-01   1.1513e-01   1.9312e+04   1.1572e+04   1.1468e+04   4.6800e+02
  2.8184e-01   3.0566e-01  -1.2035e+00   3.7354e-01   4.1412e-02   6.1426e+04   4.4955e+04   4.4794e+04   1.5020e+03
  5.6234e-01   6.1255e-01  -5.0724e-01   2.4832e-01   2.1627e-02   2.1759e+05   1.7503e+05   1.7458e+05   5.3430e+03
  1.1220e+00   1.2253e+00   1.8715e-01   1.2231e-01   1.4019e-02   7.6419e+05   6.8184e+05   6.8132e+05   1.8919e+04
  2.2387e+00   2.4477e+00   8.7920e-01   7.2046e-02   1.1923e-02   2.8164e+06   2.6404e+06   2.6333e+06   7.0170e+04
  4.4668e+00   4.8951e+00   1.5723e+00   3.1533e-02   6.3539e-03   1.0373e+07   1.0118e+07   1.0086e+07   2.5985e+05
  8.9125e+00   9.7649e+00   2.2627e+00   2.0043e-02   5.0440e-03   3.8585e+07   3.8345e+07   3.8081e+07   9.6757e+05
  1.7783e+01   1.9479e+01   2.9533e+00   2.6719e-03   2.7515e-03   1.4304e+08   1.4318e+08   1.4292e+08   3.5927e+06
  3.5481e+01   3.8728e+01   3.6403e+00  -9.5402e-04   2.0647e-03   5.1316e+08   5.1123e+08   5.1244e+08   1.2896e+07
  7.0795e+01   7.6034e+01   4.3139e+00  -3.6603e-04   1.7251e-03   1.5118e+09   1.4967e+09   1.5045e+09   3.7980e+07
