## {'tot': 38774111247.25308, 'coords': 'spherical', 'metric': 'Euclidean', 'sep_units': 'arcmin', 'bin_type': 'Log'}
#   r_nom       meanr       meanlogr        xi        sigma_xi        DD           RR           DR         npairs   
  1.4125e-01   1.5470e-01  -1.8836e+00   3.6213e-01   3.1956e-02   1.0351e+05   7.6232e+04   7.6068e+04   2.2500e+03
  2.8184e-01   3.0696e-01  -1.1983e+00   2.4765e-01   1.7310e-02   3.6953e+05   2.9616e+05   2.9617e+05   8.2190e+03
  5.6234e-01   6.1425e-01  -5.0378e-01   1.4793e-01   1.2331e-02   1.3211e+06   1.1531e+06   1.1518e+06   2.9767e+04
  1.1220e+00   1.2279e+00   1.8942e-01   7.7352e-02   8.5107e-03   4.8445e+06   4.4919e+06   4.4944e+06   1.0973e+05
  2.2387e+00   2.4527e+00   8.8130e-01   4.1813e-02   5.4832e-03   1.8065e+07   1.7395e+07   1.7366e+07   4.1135e+05
  4.4668e+00   4.8937e+00   1.5720e+00   1.7482e-02   3.6296e-03   6.7441e+07   6.6659e+07   6.6467e+07   1.5406e+06
  8.9125e+00   9.7713e+00   2.2634e+00   1.1767e-02   3.3031e-03   2.5257e+08   2.5261e+08   2.5110e+08   5.7795e+06
  1.7783e+01   1.9484e+01   2.9535e+00   4.6125e-03   2.2362e-03   9.4343e+08   9.4326e+08   9.4117e+08   2.1610e+07
  3.5481e+01   3.8713e+01   3.6398e+00  -1.2725e-03   1.4670e-03   3.3580e+09   3.3679e+09   3.3651e+09   7.6996e+07
  7.0795e+01   7.6022e+01   4.3137e+00  -1.2453e-03   1.1967e-03   9.8092e+09   9.8602e+09   9.8408e+09   2.2509e+08
