## {'tot': 202644984156.18405, 'coords': 'spherical', 'metric': 'Euclidean', 'sep_units': 'arcmin', 'bin_type': 'Log'}
#   r_nom       meanr       meanlogr        xi        sigma_xi        DD           RR           DR         npairs   
  1.4125e-01   1.5453e-01  -1.8848e+00   2.4639e-01   1.6091e-02   4.9359e+05   3.9841e+05   3.9692e+05   1.0369e+04
  2.8184e-01   3.0820e-01  -1.1938e+00   1.4943e-01   7.2784e-03   1.7749e+06   1.5478e+06   1.5457e+06   3.7539e+04
  5.6234e-01   6.1500e-01  -5.0226e-01   8.0605e-02   5.6150e-03   6.5118e+06   6.0263e+06   6.0262e+06   1.3881e+05
  1.1220e+00   1.2296e+00   1.9082e-01   5.2143e-02   3.7097e-03   2.4746e+07   2.3476e+07   2.3499e+07   5.2851e+05
  2.2387e+00   2.4547e+00   8.8207e-01   2.6078e-02   2.7221e-03   9.3240e+07   9.0909e+07   9.0889e+07   1.9981e+06
  4.4668e+00   4.8978e+00   1.5728e+00   1.4964e-02   2.6779e-03   3.5283e+08   3.4838e+08   3.4800e+08   7.5707e+06
  8.9125e+00   9.7714e+00   2.2634e+00   8.8283e-03   2.2038e-03   1.3267e+09   1.3202e+09   1.3176e+09   2.8496e+07
  1.7783e+01   1.9489e+01   2.9537e+00   4.2562e-03   1.5787e-03   4.9537e+09   4.9298e+09   4.9313e+09   1.0649e+08
  3.5481e+01   3.8721e+01   3.6400e+00  -7.2965e-04   1.0789e-03   1.7667e+10   1.7602e+10   1.7641e+10   3.8023e+08
  7.0795e+01   7.5999e+01   4.3133e+00  -5.1180e-04   6.6255e-04   5.1243e+10   5.1532e+10   5.1401e+10   1.1033e+09
