## {'tot': 25652526.323814224, 'coords': 'spherical', 'metric': 'Euclidean', 'sep_units': 'arcmin', 'bin_type': 'Log'}
#   r_nom       meanr       meanlogr        xi        sigma_xi        DD           RR           DR         npairs   
  1.4125e-01   1.9339e-01  -1.6430e+00  -5.1831e-01   4.8000e-01   2.3661e+01   5.0434e+01   5.0118e+01   1.0000e+00
  2.8184e-01   3.1294e-01  -1.1797e+00   4.4170e-01   3.5588e-01   2.8183e+02   1.9593e+02   1.9561e+02   9.0000e+00
  5.6234e-01   5.9162e-01  -5.4486e-01   7.7930e-01   3.2435e-01   1.3500e+03   7.6286e+02   7.5917e+02   4.1000e+01
  1.1220e+00   1.2128e+00   1.7490e-01   5.0182e-01   1.0314e-01   4.4608e+03   2.9718e+03   2.9706e+03   1.3600e+02
  2.2387e+00   2.4364e+00   8.7483e-01   3.5627e-01   7.2813e-02   1.5664e+04   1.1508e+04   1.1536e+04   4.7800e+02
  4.4668e+00   4.8923e+00   1.5721e+00   3.0750e-01   7.6271e-02   5.7933e+04   4.4101e+04   4.4236e+04   1.7750e+03
  8.9125e+00   9.7009e+00   2.2558e+00   1.8705e-01   4.6898e-02   1.9960e+05   1.6712e+05   1.6773e+05   6.1550e+03
  1.7783e+01   1.9403e+01   2.9494e+00   1.2576e-01   4.1164e-02   7.1975e+05   6.2405e+05   6.3266e+05   2.2292e+04
  3.5481e+01   3.8624e+01   3.6377e+00   7.4188e-02   3.0635e-02   2.5423e+06   2.2282e+06   2.3026e+06   7.8612e+04
  7.0795e+01   7.5724e+01   4.3096e+00   1.2178e-03   1.4233e-02   7.2502e+06   6.5234e+06   6.8828e+06   2.2358e+05
