## {'tot': 3814471167.064381, 'coords': 'spherical', 'metric': 'Euclidean', 'sep_units': 'arcmin', 'bin_type': 'Log'}
#   r_nom       meanr       meanlogr        xi        sigma_xi        DD           RR           DR         npairs   
  1.4125e-01   1.5032e-01  -1.9158e+00   7.5157e-01   1.9799e-01   4.8519e+03   2.7739e+03   2.7705e+03   1.3100e+02
  2.8184e-01   3.0578e-01  -1.2030e+00   2.5046e-01   6.2726e-02   1.3144e+04   1.0540e+04   1.0522e+04   3.6700e+02
  5.6234e-01   6.1935e-01  -4.9579e-01   9.0694e-02   3.4995e-02   4.4175e+04   4.0202e+04   4.0366e+04   1.2240e+03
  1.1220e+00   1.2294e+00   1.8986e-01   1.3604e-01   2.5970e-02   1.7903e+05   1.5540e+05   1.5665e+05   4.9490e+03
  2.2387e+00   2.4525e+00   8.8125e-01   7.4398e-02   1.4442e-02   6.4793e+05   5.9852e+05   6.0096e+05   1.7936e+04
  4.4668e+00   4.8898e+00   1.5714e+00   5.2471e-02   1.5894e-02   2.4263e+06   2.2936e+06   2.2998e+06   6.7136e+04
  8.9125e+00   9.7628e+00   2.2627e+00   3.5954e-02   1.1874e-02   9.0817e+06   8.7320e+06   8.7499e+06   2.5143e+05
  1.7783e+01   1.9471e+01   2.9530e+00   2.9207e-02   1.1218e-02   3.3850e+07   3.2911e+07   3.2900e+07   9.3647e+05
  3.5481e+01   3.8753e+01   3.6411e+00   1.9450e-02   1.2102e-02   1.2123e+08   1.1970e+08   1.1930e+08   3.3517e+06
  7.0795e+01   7.6848e+01   4.3248e+00   1.3917e-02   8.2502e-03   3.9590e+08   3.9280e+08   3.9162e+08   1.0947e+07
