## {'tot': 325295879.0443952, 'coords': 'spherical', 'metric': 'Euclidean', 'sep_units': 'arcmin', 'bin_type': 'Log'}
#   r_nom       meanr       meanlogr        xi        sigma_xi        DD           RR           DR         npairs   
  1.4125e-01   1.5690e-01  -1.8687e+00   2.6308e+00   8.5169e-01   8.5917e+02   2.3655e+02   2.3670e+02   2.0000e+01
  2.8184e-01   2.9836e-01  -1.2255e+00   1.6179e+00   3.0250e-01   2.3574e+03   8.9888e+02   9.0101e+02   5.8000e+01
  5.6234e-01   6.1409e-01  -5.0545e-01   1.2852e+00   1.9503e-01   7.8011e+03   3.4284e+03   3.4116e+03   1.9400e+02
  1.1220e+00   1.2153e+00   1.7767e-01   7.4949e-01   1.0910e-01   2.3156e+04   1.3253e+04   1.3238e+04   5.8200e+02
  2.2387e+00   2.4236e+00   8.6795e-01   3.6222e-01   7.0814e-02   6.9566e+04   5.1041e+04   5.1059e+04   1.7830e+03
  4.4668e+00   4.8701e+00   1.5672e+00   2.0330e-01   3.4392e-02   2.3650e+05   1.9560e+05   1.9617e+05   6.0980e+03
  8.9125e+00   9.7347e+00   2.2600e+00   1.2463e-01   2.1867e-02   8.4260e+05   7.4466e+05   7.4723e+05   2.1779e+04
  1.7783e+01   1.9433e+01   2.9512e+00   7.1656e-02   1.2601e-02   3.0234e+06   2.8066e+06   2.8145e+06   7.8087e+04
  3.5481e+01   3.8701e+01   3.6398e+00   4.0062e-02   1.7926e-02   1.0533e+07   1.0208e+07   1.0166e+07   2.7213e+05
  7.0795e+01   7.6743e+01   4.3235e+00   1.3271e-02   1.4837e-02   3.3401e+07   3.3498e+07   3.3227e+07   8.6243e+05
