## {'tot': 3226544.775869042, 'coords': 'spherical', 'metric': 'Euclidean', 'sep_units': 'arcmin', 'bin_type': 'Log'}
#   r_nom       meanr       meanlogr        xi        sigma_xi        DD           RR           DR         npairs   
  1.4125e-01   1.4125e-01  -1.9572e+00  -9.7653e-01   3.4925e-02   0.0000e+00   2.3463e+00   2.3188e+00   0.0000e+00
  2.8184e-01   2.8184e-01  -1.2664e+00  -9.8021e-01   2.4204e-02   0.0000e+00   8.9158e+00   8.8276e+00   0.0000e+00
  5.6234e-01   5.6234e-01  -5.7565e-01  -9.8473e-01   1.6791e-02   0.0000e+00   3.4006e+01   3.3746e+01   0.0000e+00
  1.1220e+00   1.5371e+00   4.2990e-01  -6.9766e-01   3.3045e-01   4.3024e+01   1.3145e+02   1.3309e+02   1.0000e+00
  2.2387e+00   2.3143e+00   8.2862e-01   2.4588e-01   3.7923e-01   6.3527e+02   5.0627e+02   5.0853e+02   1.2000e+01
  4.4668e+00   4.9172e+00   1.5774e+00  -1.4803e-01   1.5429e-01   1.6331e+03   1.9401e+03   1.9302e+03   3.4000e+01
  8.9125e+00   9.7740e+00   2.2631e+00  -3.6190e-02   8.8835e-02   7.0212e+03   7.3862e+03   7.3373e+03   1.4300e+02
  1.7783e+01   1.9290e+01   2.9425e+00  -8.7531e-03   4.9000e-02   2.7173e+04   2.7838e+04   2.7628e+04   5.5500e+02
  3.5481e+01   3.8928e+01   3.6457e+00  -2.0987e-02   2.4932e-02   9.7628e+04   1.0125e+05   1.0050e+05   1.9920e+03
  7.0795e+01   7.7154e+01   4.3279e+00  -2.9314e-03   1.5696e-02   3.3532e+05   3.3226e+05   3.3427e+05   6.7510e+03
