## {'tot': 43258457.33549742, 'coords': 'spherical', 'metric': 'Euclidean', 'sep_units': 'arcmin', 'bin_type': 'Log'}
#   r_nom       meanr       meanlogr        xi        sigma_xi        DD           RR           DR         npairs   
  1.4125e-01   1.4125e-01  -1.9572e+00  -9.9332e-01   1.8890e-02   0.0000e+00   3.1457e+01   3.1352e+01   0.0000e+00
  2.8184e-01   3.0196e-01  -1.2300e+00   1.8547e+00   1.2295e+00   3.4437e+02   1.1953e+02   1.2110e+02   8.0000e+00
  5.6234e-01   6.0448e-01  -5.1536e-01   1.0685e+00   6.1217e-01   9.4558e+02   4.5592e+02   4.5717e+02   2.2000e+01
  1.1220e+00   1.2074e+00   1.7150e-01   2.9832e-01   1.5769e-01   2.2863e+03   1.7623e+03   1.7614e+03   5.5000e+01
  2.2387e+00   2.4522e+00   8.8058e-01   1.1924e-01   9.2840e-02   7.5637e+03   6.7876e+03   6.7710e+03   1.8400e+02
  4.4668e+00   4.8200e+00   1.5553e+00   2.6916e-02   4.2109e-02   2.6326e+04   2.6011e+04   2.5819e+04   6.4500e+02
  8.9125e+00   9.7774e+00   2.2642e+00   2.2134e-02   2.7748e-02   1.0067e+05   9.9027e+04   9.8754e+04   2.4260e+03
  1.7783e+01   1.9364e+01   2.9473e+00   4.5416e-03   1.1917e-02   3.7051e+05   3.7323e+05   3.7102e+05   8.9190e+03
  3.5481e+01   3.8629e+01   3.6382e+00   2.6851e-03   8.3014e-03   1.3365e+06   1.3575e+06   1.3452e+06   3.2112e+04
  7.0795e+01   7.6914e+01   4.3257e+00  -4.9081e-03   4.2055e-03   4.3690e+06   4.4546e+06   4.4227e+06   1.0475e+05
