## {'tot': 242208.028209687, 'coords': 'spherical', 'metric': 'Euclidean', 'sep_units': 'arcmin', 'bin_type': 'Log'}
#   r_nom       meanr       meanlogr        xi        sigma_xi        DD           RR           DR         npairs   
  1.4125e-01   1.4125e-01  -1.9572e+00  -9.8695e-01   7.2332e-02   0.0000e+00   1.7613e-01   1.7498e-01   0.0000e+00
  2.8184e-01   2.8184e-01  -1.2664e+00  -1.0329e+00   4.4857e-02   0.0000e+00   6.6928e-01   6.8028e-01   0.0000e+00
  5.6234e-01   5.6234e-01  -5.7565e-01  -9.7096e-01   2.0669e-02   0.0000e+00   2.5527e+00   2.5157e+00   0.0000e+00
  1.1220e+00   1.1220e+00   1.1513e-01  -1.0613e+00   2.5512e-02   0.0000e+00   9.8675e+00   1.0170e+01   0.0000e+00
  2.2387e+00   2.4876e+00   9.1132e-01  -1.8531e-01   8.3830e-01   3.1289e+01   3.8004e+01   3.8168e+01   1.0000e+00
  4.4668e+00   5.1490e+00   1.6317e+00   1.0593e-01   4.6555e-01   1.5560e+02   1.4564e+02   1.4291e+02   5.0000e+00
  8.9125e+00   1.0393e+01   2.3289e+00  -1.4746e-01   2.9723e-01   4.6476e+02   5.5446e+02   5.5049e+02   1.5000e+01
  1.7783e+01   2.0045e+01   2.9841e+00   2.6374e-01   2.0353e-01   2.6219e+03   2.0897e+03   2.0803e+03   7.8000e+01
  3.5481e+01   3.8819e+01   3.6406e+00   5.3795e-02   8.1729e-02   7.7812e+03   7.6007e+03   7.4865e+03   2.2800e+02
  7.0795e+01   7.7334e+01   4.3300e+00  -4.1393e-02   5.8118e-02   2.3635e+04   2.4942e+04   2.4805e+04   6.9300e+02
