## {'tot': 3061302.813012003, 'coords': 'spherical', 'metric': 'Euclidean', 'sep_units': 'arcmin', 'bin_type': 'Log'}
#   r_nom       meanr       meanlogr        xi        sigma_xi        DD           RR           DR         npairs   
  1.4125e-01   1.4125e-01  -1.9572e+00  -9.4818e-01   3.8400e-02   0.0000e+00   2.2262e+00   2.1685e+00   0.0000e+00
  2.8184e-01   2.8184e-01  -1.2664e+00  -9.7527e-01   2.6491e-02   0.0000e+00   8.4592e+00   8.3546e+00   0.0000e+00
  5.6234e-01   5.6234e-01  -5.7565e-01  -1.0159e+00   1.9072e-02   0.0000e+00   3.2264e+01   3.2521e+01   0.0000e+00
  1.1220e+00   1.1136e+00   9.7024e-02   1.6286e-01   8.5096e-01   1.5015e+02   1.2472e+02   1.2728e+02   2.0000e+00
  2.2387e+00   2.3510e+00   8.3430e-01   5.2987e-01   4.3276e-01   7.4765e+02   4.8034e+02   4.8674e+02   1.3000e+01
  4.4668e+00   4.6712e+00   1.5155e+00  -3.2096e-01   1.3773e-01   1.2335e+03   1.8408e+03   1.8325e+03   2.4000e+01
  8.9125e+00   9.5392e+00   2.2348e+00   1.2540e-01   1.0239e-01   8.1376e+03   7.0079e+03   7.1334e+03   1.5600e+02
  1.7783e+01   1.9519e+01   2.9566e+00   8.1595e-03   4.3901e-02   2.7843e+04   2.6413e+04   2.7020e+04   5.1600e+02
  3.5481e+01   3.8608e+01   3.6370e+00  -1.6730e-02   2.8109e-02   1.0095e+05   9.6066e+04   9.9311e+04   1.9110e+03
  7.0795e+01   7.6360e+01   4.3177e+00  -7.2644e-03   2.4017e-02   3.3397e+05   3.1524e+05   3.2575e+05   6.2650e+03
