## {'tot': 3061302.813012003, 'coords': 'spherical', 'metric': 'Euclidean', 'sep_units': 'arcmin', 'bin_type': 'Log'}
#   r_nom       meanr       meanlogr        xi        sigma_xi        DD           RR           DR         npairs   
  1.1037e-01   1.1037e-01  -2.2039e+00  -1.0401e+00   8.7834e-02   0.0000e+00   3.6824e-01   3.7563e-01   0.0000e+00
  1.3445e-01   1.3445e-01  -2.0065e+00  -7.9246e-01   6.6581e-02   0.0000e+00   5.3586e-01   4.8026e-01   0.0000e+00
  1.6379e-01   1.6379e-01  -1.8092e+00  -1.0148e+00   5.0060e-02   0.0000e+00   7.8827e-01   7.9412e-01   0.0000e+00
  1.9953e-01   1.9953e-01  -1.6118e+00  -9.6725e-01   5.1352e-02   0.0000e+00   1.1579e+00   1.1389e+00   0.0000e+00
  2.4306e-01   2.4306e-01  -1.4144e+00  -1.0820e+00   5.7064e-02   0.0000e+00   1.6968e+00   1.7664e+00   0.0000e+00
  2.9609e-01   2.9609e-01  -1.2171e+00  -9.8816e-01   3.4635e-02   0.0000e+00   2.4829e+00   2.4682e+00   0.0000e+00
  3.6070e-01   3.6070e-01  -1.0197e+00  -9.1203e-01   3.8447e-02   0.0000e+00   3.6303e+00   3.4706e+00   0.0000e+00
  4.3940e-01   4.3940e-01  -8.2235e-01  -9.7327e-01   3.3593e-02   0.0000e+00   5.3149e+00   5.2439e+00   0.0000e+00
  5.3527e-01   5.3527e-01  -6.2499e-01  -1.0378e+00   2.7303e-02   0.0000e+00   7.8041e+00   7.9516e+00   0.0000e+00
  6.5206e-01   6.5206e-01  -4.2762e-01  -9.8694e-01   2.7290e-02   0.0000e+00   1.1478e+01   1.1403e+01   0.0000e+00
  7.9433e-01   7.9433e-01  -2.3026e-01  -1.0544e+00   2.5608e-02   0.0000e+00   1.6895e+01   1.7355e+01   0.0000e+00
  9.6764e-01   9.5411e-01  -4.6971e-02   1.9991e+00   3.0682e+00   7.5952e+01   2.4869e+01   2.5554e+01   1.0000e+00
  1.1788e+00   1.2769e+00   2.4442e-01   1.0040e+00   2.0451e+00   7.4202e+01   3.6619e+01   3.7027e+01   1.0000e+00
  1.4360e+00   1.4360e+00   3.6183e-01  -1.0428e+00   1.9931e-02   0.0000e+00   5.3899e+01   5.5052e+01   0.0000e+00
  1.7493e+00   1.7665e+00   5.6850e-01   1.8045e+00   1.7946e+00   2.2474e+02   7.9211e+01   8.0506e+01   4.0000e+00
  2.1309e+00   2.2059e+00   7.8994e-01   3.1797e-01   7.3974e-01   1.5617e+02   1.1652e+02   1.1782e+02   3.0000e+00
  2.5959e+00   2.6398e+00   9.6958e-01   4.4138e-01   7.0451e-01   2.4947e+02   1.7113e+02   1.7253e+02   4.0000e+00
  3.1623e+00   3.2418e+00   1.1748e+00   2.4968e-01   5.6694e-01   3.1533e+02   2.5069e+02   2.5172e+02   5.0000e+00
  3.8522e+00   3.8522e+00   1.3466e+00   7.6581e-02   3.4827e-01   3.9081e+02   3.6862e+02   3.6560e+02   8.0000e+00
  4.6928e+00   4.7021e+00   1.5466e+00  -6.6058e-01   1.9276e-01   1.7805e+02   5.4097e+02   5.3818e+02   4.0000e+00
  5.7167e+00   5.9259e+00   1.7785e+00  -3.4874e-01   2.0432e-01   5.1256e+02   7.9368e+02   7.9152e+02   1.0000e+01
  6.9640e+00   6.9173e+00   1.9323e+00   6.1732e-01   2.9835e-01   1.8991e+03   1.1594e+03   1.1714e+03   3.6000e+01
  8.4834e+00   8.5824e+00   2.1479e+00   5.3767e-02   2.1013e-01   1.8505e+03   1.7009e+03   1.7300e+03   3.6000e+01
  1.0334e+01   1.0453e+01   2.3457e+00  -5.3511e-02   1.6520e-01   2.4625e+03   2.4951e+03   2.5455e+03   4.6000e+01
  1.2589e+01   1.2607e+01   2.5326e+00  -4.6652e-02   1.7385e-01   3.6566e+03   3.6505e+03   3.7387e+03   6.8000e+01
  1.5336e+01   1.5589e+01   2.7453e+00   4.7941e-02   1.1703e-01   5.7795e+03   5.3159e+03   5.4202e+03   1.0700e+02
  1.8682e+01   1.8591e+01   2.9210e+00  -1.3399e-02   9.6994e-02   8.0607e+03   7.7753e+03   7.9701e+03   1.5100e+02
  2.2758e+01   2.2891e+01   3.1293e+00   1.0831e-02   8.7862e-02   1.1942e+04   1.1321e+04   1.1570e+04   2.2300e+02
  2.7724e+01   2.8084e+01   3.3337e+00   6.2512e-02   9.6996e-02   1.8393e+04   1.6404e+04   1.6886e+04   3.4300e+02
  3.3773e+01   3.3974e+01   3.5241e+00   3.6850e-03   7.9788e-02   2.5384e+04   2.3608e+04   2.4453e+04   4.8600e+02
  4.1142e+01   4.1591e+01   3.7264e+00  -5.4074e-02   5.4276e-02   3.4976e+04   3.4031e+04   3.5424e+04   6.5500e+02
  5.0119e+01   5.0524e+01   3.9210e+00  -3.6075e-02   5.9338e-02   5.0150e+04   4.8155e+04   5.0021e+04   9.5200e+02
  6.1054e+01   6.1498e+01   4.1175e+00   4.5907e-02   4.4770e-02   7.6628e+04   6.7626e+04   7.0575e+04   1.4470e+03
  7.4375e+01   7.4986e+01   4.3157e+00  -1.6015e-02   4.2503e-02   9.8838e+04   9.3710e+04   9.7024e+04   1.8420e+03
  9.0603e+01   9.1166e+01   4.5112e+00  -2.2111e-02   2.8918e-02   1.3045e+05   1.2775e+05   1.3051e+05   2.4470e+03
