## {'tot': 3226544.775869042, 'coords': 'spherical', 'metric': 'Euclidean', 'sep_units': 'arcmin', 'bin_type': 'Log'}
#   r_nom       meanr       meanlogr        xi        sigma_xi        DD           RR           DR         npairs   
  1.1037e-01   1.1037e-01  -2.2039e+00  -1.0544e+00   9.6353e-02   0.0000e+00   3.8811e-01   3.9867e-01   0.0000e+00
  1.3445e-01   1.3445e-01  -2.0065e+00  -9.6952e-01   6.9303e-02   0.0000e+00   5.6479e-01   5.5618e-01   0.0000e+00
  1.6379e-01   1.6379e-01  -1.8092e+00  -9.2907e-01   5.5597e-02   0.0000e+00   8.3082e-01   8.0135e-01   0.0000e+00
  1.9953e-01   1.9953e-01  -1.6118e+00  -9.9187e-01   6.6022e-02   0.0000e+00   1.2204e+00   1.2154e+00   0.0000e+00
  2.4306e-01   2.4306e-01  -1.4144e+00  -8.7781e-01   4.9496e-02   0.0000e+00   1.7884e+00   1.6791e+00   0.0000e+00
  2.9609e-01   2.9609e-01  -1.2171e+00  -1.0532e+00   3.6316e-02   0.0000e+00   2.6169e+00   2.6865e+00   0.0000e+00
  3.6070e-01   3.6070e-01  -1.0197e+00  -9.7691e-01   3.8652e-02   0.0000e+00   3.8262e+00   3.7820e+00   0.0000e+00
  4.3940e-01   4.3940e-01  -8.2235e-01  -9.7410e-01   2.8045e-02   0.0000e+00   5.6018e+00   5.5293e+00   0.0000e+00
  5.3527e-01   5.3527e-01  -6.2499e-01  -9.8918e-01   2.4781e-02   0.0000e+00   8.2254e+00   8.1809e+00   0.0000e+00
  6.5206e-01   6.5206e-01  -4.2762e-01  -9.9178e-01   2.4020e-02   0.0000e+00   1.2098e+01   1.2048e+01   0.0000e+00
  7.9433e-01   7.9433e-01  -2.3026e-01  -9.8236e-01   2.6339e-02   0.0000e+00   1.7807e+01   1.7650e+01   0.0000e+00
  9.6764e-01   9.6764e-01  -3.2894e-02  -1.0226e+00   2.0313e-02   0.0000e+00   2.6211e+01   2.6507e+01   0.0000e+00
  1.1788e+00   1.1788e+00   1.6447e-01  -1.0353e+00   2.4446e-02   0.0000e+00   3.8595e+01   3.9277e+01   0.0000e+00
  1.4360e+00   1.5371e+00   4.2990e-01  -2.6563e-01   7.6278e-01   4.3024e+01   5.6808e+01   5.7461e+01   1.0000e+00
  1.7493e+00   1.8529e+00   6.1644e-01   7.1767e-01   1.3526e+00   1.4492e+02   8.3486e+01   8.4247e+01   3.0000e+00
  2.1309e+00   2.1472e+00   7.6284e-01   2.1015e-01   6.8343e-01   1.4981e+02   1.2281e+02   1.2341e+02   3.0000e+00
  2.5959e+00   2.5841e+00   9.4785e-01   8.8054e-01   8.1258e-01   3.4054e+02   1.8036e+02   1.8104e+02   6.0000e+00
  3.1623e+00   3.3165e+00   1.1983e+00  -5.8959e-01   3.0469e-01   1.1086e+02   2.6422e+02   2.6543e+02   2.0000e+00
  3.8522e+00   3.8516e+00   1.3468e+00  -1.9406e-01   3.3107e-01   3.1338e+02   3.8851e+02   3.8864e+02   7.0000e+00
  4.6928e+00   4.8640e+00   1.5811e+00  -5.6593e-02   3.4787e-01   5.2431e+02   5.7017e+02   5.6337e+02   1.2000e+01
  5.7167e+00   5.7058e+00   1.7405e+00  -1.6845e-01   2.4241e-01   6.8457e+02   8.3652e+02   8.3100e+02   1.3000e+01
  6.9640e+00   7.0308e+00   1.9484e+00   3.1790e-02   1.7922e-01   1.2378e+03   1.2220e+03   1.2105e+03   2.6000e+01
  8.4834e+00   8.6978e+00   2.1614e+00  -1.1428e-01   1.8600e-01   1.5708e+03   1.7927e+03   1.7842e+03   3.3000e+01
  1.0334e+01   1.0293e+01   2.3295e+00  -2.7469e-02   1.3309e-01   2.5228e+03   2.6298e+03   2.6124e+03   5.0000e+01
  1.2589e+01   1.2701e+01   2.5403e+00   6.7915e-02   1.3575e-01   4.0857e+03   3.8475e+03   3.8360e+03   8.5000e+01
  1.5336e+01   1.5483e+01   2.7381e+00   1.6542e-02   1.0835e-01   5.6097e+03   5.6028e+03   5.5599e+03   1.1300e+02
  1.8682e+01   1.8743e+01   2.9294e+00   1.0407e-02   8.9465e-02   8.2326e+03   8.1950e+03   8.1712e+03   1.6700e+02
  2.2758e+01   2.3068e+01   3.1370e+00  -5.5117e-02   7.8075e-02   1.0959e+04   1.1932e+04   1.1774e+04   2.2600e+02
  2.7724e+01   2.8000e+01   3.3307e+00  -1.7524e-02   6.0458e-02   1.6775e+04   1.7289e+04   1.7183e+04   3.4200e+02
  3.3773e+01   3.3999e+01   3.5249e+00  -1.2190e-01   5.2247e-02   2.1048e+04   2.4883e+04   2.4482e+04   4.3500e+02
  4.1142e+01   4.1282e+01   3.7189e+00   3.9189e-02   4.5758e-02   3.6728e+04   3.5868e+04   3.5595e+04   7.3000e+02
  5.0119e+01   5.0593e+01   3.9224e+00  -3.4009e-03   5.3182e-02   5.0757e+04   5.0754e+04   5.0842e+04   1.0330e+03
  6.1054e+01   6.1499e+01   4.1175e+00  -7.9895e-03   3.9499e-02   7.0263e+04   7.1276e+04   7.1054e+04   1.4180e+03
  7.4375e+01   7.5071e+01   4.3169e+00  -1.1203e-02   4.2821e-02   9.9178e+04   9.8769e+04   9.9526e+04   1.9910e+03
  9.0603e+01   9.1530e+01   4.5151e+00   5.8446e-03   2.7156e-02   1.3794e+05   1.3464e+05   1.3590e+05   2.7870e+03
