## {'tot': 43258457.33549742, 'coords': 'spherical', 'metric': 'Euclidean', 'sep_units': 'arcmin', 'bin_type': 'Log'}
#   r_nom       meanr       meanlogr        xi        sigma_xi        DD           RR           DR         npairs   
  1.1037e-01   1.1037e-01  -2.2039e+00  -9.8387e-01   3.5292e-02   0.0000e+00   5.2034e+00   5.1615e+00   0.0000e+00
  1.3445e-01   1.3445e-01  -2.0065e+00  -1.0299e+00   3.9746e-02   0.0000e+00   7.5722e+00   7.6852e+00   0.0000e+00
  1.6379e-01   1.6379e-01  -1.8092e+00  -1.0140e+00   3.7523e-02   0.0000e+00   1.1139e+01   1.1217e+01   0.0000e+00
  1.9953e-01   2.0151e-01  -1.6019e+00   2.0689e+00   3.0778e+00   5.0317e+01   1.6362e+01   1.6414e+01   1.0000e+00
  2.4306e-01   2.3217e-01  -1.4607e+00   2.8364e+00   2.6991e+00   9.2726e+01   2.3977e+01   2.4347e+01   2.0000e+00
  2.9609e-01   2.8534e-01  -1.2541e+00   4.0347e-02   1.0768e+00   3.7750e+01   3.5085e+01   3.5710e+01   1.0000e+00
  3.6070e-01   3.7626e-01  -9.7930e-01   2.1792e+00   1.5570e+00   1.6357e+02   5.1298e+01   5.1540e+01   4.0000e+00
  4.3940e-01   4.7193e-01  -7.5104e-01   2.1923e-01   8.6869e-01   9.1848e+01   7.5104e+01   7.5244e+01   2.0000e+00
  5.3527e-01   5.4372e-01  -6.1149e-01   2.5751e+00   1.6150e+00   3.9514e+02   1.1028e+02   1.1072e+02   9.0000e+00
  6.5206e-01   6.3009e-01  -4.6310e-01   5.5600e-01   7.7731e-01   2.5263e+02   1.6220e+02   1.6232e+02   6.0000e+00
  7.9433e-01   7.7950e-01  -2.5036e-01   6.0571e-01   5.0178e-01   3.8546e+02   2.3874e+02   2.3980e+02   9.0000e+00
  9.6764e-01   9.8131e-01  -1.9703e-02   4.6184e-01   4.0573e-01   5.1303e+02   3.5141e+02   3.5107e+02   1.2000e+01
  1.1788e+00   1.1618e+00   1.4842e-01   2.5552e-01   3.6792e-01   6.5094e+02   5.1745e+02   5.1809e+02   1.6000e+01
  1.4360e+00   1.4422e+00   3.6521e-01   3.1308e-01   2.6230e-01   9.9511e+02   7.6163e+02   7.5914e+02   2.4000e+01
  1.7493e+00   1.7527e+00   5.5935e-01  -2.5881e-02   1.9650e-01   1.0962e+03   1.1193e+03   1.1222e+03   2.6000e+01
  2.1309e+00   2.1389e+00   7.5894e-01   1.4377e-01   1.6802e-01   1.8751e+03   1.6466e+03   1.6425e+03   4.9000e+01
  2.5959e+00   2.5883e+00   9.4925e-01   1.0437e-01   1.5650e-01   2.6474e+03   2.4182e+03   2.4066e+03   6.3000e+01
  3.1623e+00   3.2071e+00   1.1635e+00   2.2289e-01   1.3137e-01   4.2715e+03   3.5425e+03   3.5122e+03   1.0200e+02
  3.8522e+00   3.8309e+00   1.3415e+00   3.7634e-02   8.1426e-02   5.2867e+03   5.2088e+03   5.1498e+03   1.3100e+02
  4.6928e+00   4.6902e+00   1.5440e+00   7.0699e-02   7.6656e-02   8.0910e+03   7.6442e+03   7.5974e+03   2.0200e+02
  5.7167e+00   5.7561e+00   1.7487e+00  -3.4695e-02   7.5265e-02   1.0691e+04   1.1215e+04   1.1148e+04   2.5800e+02
  6.9640e+00   7.0212e+00   1.9474e+00   2.0605e-03   5.3603e-02   1.6190e+04   1.6383e+04   1.6269e+04   3.9300e+02
  8.4834e+00   8.5579e+00   2.1454e+00   3.4497e-02   7.0926e-02   2.4778e+04   2.4035e+04   2.3992e+04   6.0100e+02
  1.0334e+01   1.0439e+01   2.3441e+00   2.6939e-02   3.8020e-02   3.5913e+04   3.5257e+04   3.5110e+04   8.5900e+02
  1.2589e+01   1.2698e+01   2.5399e+00   3.0905e-02   2.8641e-02   5.2879e+04   5.1584e+04   5.1435e+04   1.2830e+03
  1.5336e+01   1.5449e+01   2.7360e+00   5.1706e-02   2.5300e-02   7.8156e+04   7.5117e+04   7.4694e+04   1.8890e+03
  1.8682e+01   1.8834e+01   2.9341e+00  -9.7946e-03   2.8545e-02   1.0795e+05   1.0987e+05   1.0945e+05   2.5800e+03
  2.2758e+01   2.2939e+01   3.1313e+00  -1.1027e-02   1.7890e-02   1.5562e+05   1.5997e+05   1.5868e+05   3.7450e+03
  2.7724e+01   2.8002e+01   3.3308e+00   7.4061e-03   2.0494e-02   2.3055e+05   2.3180e+05   2.3031e+05   5.5610e+03
  3.3773e+01   3.4041e+01   3.5261e+00   1.5365e-02   1.6788e-02   3.3343e+05   3.3360e+05   3.3096e+05   8.0120e+03
  4.1142e+01   4.1411e+01   3.7221e+00   8.8737e-03   1.3572e-02   4.7524e+05   4.8089e+05   4.7593e+05   1.1428e+04
  5.0119e+01   5.0568e+01   3.9219e+00  -1.6833e-02   1.0844e-02   6.5083e+05   6.8046e+05   6.7137e+05   1.5622e+04
  6.1054e+01   6.1545e+01   4.1183e+00  -4.4823e-03   1.6071e-02   9.3452e+05   9.5560e+05   9.4720e+05   2.2400e+04
  7.4375e+01   7.4978e+01   4.3157e+00  -4.6639e-03   1.1948e-02   1.3004e+06   1.3242e+06   1.3154e+06   3.1138e+04
  9.0603e+01   9.1327e+01   4.5130e+00  -3.5074e-03   7.8017e-03   1.7734e+06   1.8052e+06   1.7924e+06   4.2523e+04
