## {'tot': 325295879.0443952, 'coords': 'spherical', 'metric': 'Euclidean', 'sep_units': 'arcmin', 'bin_type': 'Log'}
#   r_nom       meanr       meanlogr        xi        sigma_xi        DD           RR           DR         npairs   
  1.1037e-01   1.0610e-01  -2.2448e+00   1.8146e+00   1.9499e+00   1.0824e+02   3.9129e+01   3.8185e+01   2.0000e+00
  1.3445e-01   1.3835e-01  -1.9786e+00   2.0659e+00   1.5006e+00   1.7586e+02   5.6941e+01   5.7582e+01   4.0000e+00
  1.6379e-01   1.6348e-01  -1.8126e+00   4.1376e+00   1.5540e+00   4.3328e+02   8.3762e+01   8.5237e+01   1.1000e+01
  1.9953e-01   2.0756e-01  -1.5731e+00   2.1480e+00   1.1376e+00   3.8584e+02   1.2304e+02   1.2230e+02   8.0000e+00
  2.4306e-01   2.4506e-01  -1.4088e+00   1.7824e+00   7.4314e-01   5.0182e+02   1.8030e+02   1.8037e+02   1.3000e+01
  2.9609e-01   3.0295e-01  -1.1959e+00   2.0345e+00   8.1675e-01   8.0301e+02   2.6383e+02   2.6504e+02   2.1000e+01
  3.6070e-01   3.5505e-01  -1.0376e+00   1.1982e+00   4.8057e-01   8.4945e+02   3.8575e+02   3.8651e+02   2.0000e+01
  4.3940e-01   4.4795e-01  -8.0465e-01   1.2309e+00   5.5851e-01   1.2592e+03   5.6477e+02   5.6441e+02   3.2000e+01
  5.3527e-01   5.3539e-01  -6.2620e-01   1.4805e+00   2.6352e-01   2.0435e+03   8.2927e+02   8.2252e+02   5.0000e+01
  6.5206e-01   6.4465e-01  -4.4063e-01   8.8278e-01   2.8746e-01   2.2850e+03   1.2197e+03   1.2140e+03   5.8000e+01
  7.9433e-01   7.9027e-01  -2.3691e-01   1.1352e+00   2.2402e-01   3.8252e+03   1.7953e+03   1.7912e+03   9.6000e+01
  9.6764e-01   9.7509e-01  -2.7012e-02   1.1185e+00   1.9964e-01   5.5878e+03   2.6426e+03   2.6373e+03   1.3600e+02
  1.1788e+00   1.1868e+00   1.6964e-01   7.3044e-01   1.6825e-01   6.7085e+03   3.8911e+03   3.8787e+03   1.7200e+02
  1.4360e+00   1.4534e+00   3.7237e-01   6.1184e-01   1.3961e-01   9.2185e+03   5.7274e+03   5.7208e+03   2.3100e+02
  1.7493e+00   1.7665e+00   5.6730e-01   6.1420e-01   1.3959e-01   1.3581e+04   8.4170e+03   8.4140e+03   3.4300e+02
  2.1309e+00   2.1484e+00   7.6318e-01   3.5034e-01   8.4442e-02   1.6631e+04   1.2382e+04   1.2338e+04   4.2900e+02
  2.5959e+00   2.6240e+00   9.6306e-01   3.5133e-01   7.7317e-02   2.4489e+04   1.8184e+04   1.8142e+04   6.2400e+02
  3.1623e+00   3.1788e+00   1.1550e+00   2.1601e-01   6.1203e-02   3.2640e+04   2.6639e+04   2.6762e+04   8.4400e+02
  3.8522e+00   3.8840e+00   1.3554e+00   2.3569e-01   4.5008e-02   4.8407e+04   3.9170e+04   3.9172e+04   1.2410e+03
  4.6928e+00   4.7255e+00   1.5514e+00   2.5544e-01   4.0368e-02   7.2458e+04   5.7483e+04   5.7629e+04   1.8600e+03
  5.7167e+00   5.7700e+00   1.7511e+00   1.6542e-01   3.9858e-02   9.8961e+04   8.4337e+04   8.4673e+04   2.5700e+03
  6.9640e+00   7.0377e+00   1.9498e+00   1.5043e-01   3.4725e-02   1.4211e+05   1.2320e+05   1.2339e+05   3.6780e+03
  8.4834e+00   8.5586e+00   2.1454e+00   1.4253e-01   2.6795e-02   2.0790e+05   1.8074e+05   1.8144e+05   5.3780e+03
  1.0334e+01   1.0418e+01   2.3421e+00   1.1954e-01   2.7942e-02   2.9878e+05   2.6513e+05   2.6611e+05   7.7060e+03
  1.2589e+01   1.2697e+01   2.5399e+00   8.3570e-02   1.8510e-02   4.2303e+05   3.8790e+05   3.8926e+05   1.0923e+04
  1.5336e+01   1.5485e+01   2.7384e+00   8.7330e-02   1.9134e-02   6.1928e+05   5.6487e+05   5.6741e+05   1.5947e+04
  1.8682e+01   1.8846e+01   2.9348e+00   8.1495e-02   2.0338e-02   8.9856e+05   8.2620e+05   8.2871e+05   2.3248e+04
  2.2758e+01   2.2942e+01   3.1315e+00   5.2289e-02   1.0569e-02   1.2679e+06   1.2030e+06   1.2040e+06   3.2768e+04
  2.7724e+01   2.7968e+01   3.3296e+00   4.4091e-02   1.2811e-02   1.8182e+06   1.7431e+06   1.7422e+06   4.7090e+04
  3.3773e+01   3.4061e+01   3.5267e+00   4.5868e-02   1.8371e-02   2.6133e+06   2.5086e+06   2.5034e+06   6.7433e+04
  4.1142e+01   4.1490e+01   3.7240e+00   4.2970e-02   2.1373e-02   3.7297e+06   3.6162e+06   3.5953e+06   9.6388e+04
  5.0119e+01   5.0555e+01   3.9216e+00   2.7841e-02   2.2778e-02   5.1919e+06   5.1170e+06   5.0832e+06   1.3390e+05
  6.1054e+01   6.1576e+01   4.1188e+00   1.9478e-02   1.8604e-02   7.2268e+06   7.1860e+06   7.1364e+06   1.8681e+05
  7.4375e+01   7.5016e+01   4.3163e+00   3.9470e-03   1.5517e-02   9.8939e+06   9.9577e+06   9.9062e+06   2.5536e+05
  9.0603e+01   9.1302e+01   4.5127e+00   1.3672e-02   1.4813e-02   1.3430e+07   1.3575e+07   1.3409e+07   3.4676e+05
