## {'tot': 3814471167.064381, 'coords': 'spherical', 'metric': 'Euclidean', 'sep_units': 'arcmin', 'bin_type': 'Log'}
#   r_nom       meanr       meanlogr        xi        sigma_xi        DD           RR           DR         npairs   
  1.1037e-01   1.1261e-01  -2.1854e+00   1.8589e+00   5.7229e-01   1.3153e+03   4.5883e+02   4.6059e+02   3.6000e+01
  1.3445e-01   1.3590e-01  -1.9974e+00   5.9542e-01   2.5479e-01   1.0536e+03   6.6770e+02   6.6187e+02   3.0000e+01
  1.6379e-01   1.6423e-01  -1.8076e+00   2.5722e-01   2.2909e-01   1.2512e+03   9.8221e+02   9.9040e+02   3.4000e+01
  1.9953e-01   1.9884e-01  -1.6168e+00   6.5386e-01   1.8165e-01   2.3721e+03   1.4428e+03   1.4357e+03   6.3000e+01
  2.4306e-01   2.4388e-01  -1.4128e+00   2.8591e-01   1.7066e-01   2.7303e+03   2.1143e+03   2.1200e+03   7.8000e+01
  2.9609e-01   3.0012e-01  -1.2052e+00   2.1450e-01   1.4448e-01   3.7472e+03   3.0937e+03   3.0887e+03   1.0600e+02
  3.6070e-01   3.6029e-01  -1.0226e+00   2.3034e-01   8.3121e-02   5.5261e+03   4.5234e+03   4.5038e+03   1.5100e+02
  4.3940e-01   4.4205e-01  -8.1807e-01   3.1599e-02   8.1067e-02   6.8159e+03   6.6226e+03   6.6146e+03   1.8600e+02
  5.3527e-01   5.4170e-01  -6.1451e-01   1.1673e-01   7.3434e-02   1.0841e+04   9.7242e+03   9.7148e+03   3.0300e+02
  6.5206e-01   6.5799e-01  -4.2009e-01   1.0862e-01   5.1586e-02   1.5995e+04   1.4302e+04   1.4372e+04   4.4300e+02
  7.9433e-01   8.0074e-01  -2.2374e-01   1.3871e-01   5.4634e-02   2.4249e+04   2.1052e+04   2.1190e+04   6.7000e+02
  9.6764e-01   9.7510e-01  -2.6692e-02   1.2770e-01   4.5860e-02   3.5481e+04   3.0987e+04   3.1256e+04   9.8200e+02
  1.1788e+00   1.1856e+00   1.6859e-01   1.0289e-01   3.6298e-02   5.1118e+04   4.5628e+04   4.6026e+04   1.4220e+03
  1.4360e+00   1.4441e+00   3.6594e-01   1.6794e-01   3.0902e-02   7.9370e+04   6.7160e+04   6.7625e+04   2.1860e+03
  1.7493e+00   1.7582e+00   5.6274e-01   5.8794e-02   2.5296e-02   1.0574e+05   9.8699e+04   9.9318e+04   2.9350e+03
  2.1309e+00   2.1508e+00   7.6432e-01   7.4880e-02   1.4438e-02   1.5667e+05   1.4519e+05   1.4550e+05   4.3420e+03
  2.5959e+00   2.6162e+00   9.6014e-01   9.1553e-02   2.1746e-02   2.3432e+05   2.1323e+05   2.1401e+05   6.4890e+03
  3.1623e+00   3.1870e+00   1.1576e+00   5.4791e-02   1.5237e-02   3.3120e+05   3.1237e+05   3.1323e+05   9.1320e+03
  3.8522e+00   3.8843e+00   1.3555e+00   7.4078e-02   1.8494e-02   4.9185e+05   4.5931e+05   4.5857e+05   1.3640e+04
  4.6928e+00   4.7311e+00   1.5527e+00   5.6815e-02   1.5647e-02   7.1691e+05   6.7406e+05   6.7634e+05   1.9849e+04
  5.7167e+00   5.7663e+00   1.7505e+00   3.8956e-02   1.9017e-02   1.0348e+06   9.8895e+05   9.9262e+05   2.8611e+04
  6.9640e+00   7.0237e+00   1.9478e+00   4.9651e-02   1.3047e-02   1.5230e+06   1.4446e+06   1.4480e+06   4.2163e+04
  8.4834e+00   8.5615e+00   2.1458e+00   3.9880e-02   1.1310e-02   2.2113e+06   2.1193e+06   2.1230e+06   6.1222e+04
  1.0334e+01   1.0423e+01   2.3425e+00   2.5026e-02   1.2726e-02   3.1995e+06   3.1089e+06   3.1153e+06   8.8589e+04
  1.2589e+01   1.2702e+01   2.5403e+00   3.5887e-02   1.3182e-02   4.7227e+06   4.5486e+06   4.5540e+06   1.3063e+05
  1.5336e+01   1.5471e+01   2.7375e+00   2.9636e-02   1.2050e-02   6.8446e+06   6.6237e+06   6.6360e+06   1.8923e+05
  1.8682e+01   1.8846e+01   2.9348e+00   2.4926e-02   1.0332e-02   9.9568e+06   9.6882e+06   9.7018e+06   2.7554e+05
  2.2758e+01   2.2957e+01   3.1322e+00   2.9175e-02   1.1755e-02   1.4420e+07   1.4106e+07   1.4057e+07   3.9900e+05
  2.7724e+01   2.7967e+01   3.3296e+00   2.2630e-02   1.3118e-02   2.0787e+07   2.0440e+07   2.0382e+07   5.7494e+05
  3.3773e+01   3.4079e+01   3.5272e+00   1.9115e-02   1.2253e-02   2.9953e+07   2.9417e+07   2.9404e+07   8.2815e+05
  4.1142e+01   4.1510e+01   3.7245e+00   2.1640e-02   1.2969e-02   4.2898e+07   4.2404e+07   4.2192e+07   1.1857e+06
  5.0119e+01   5.0569e+01   3.9219e+00   1.7381e-02   1.1853e-02   6.0528e+07   6.0002e+07   5.9743e+07   1.6735e+06
  6.1054e+01   6.1592e+01   4.1191e+00   1.6782e-02   1.0469e-02   8.4979e+07   8.4264e+07   8.3914e+07   2.3493e+06
  7.4375e+01   7.5017e+01   4.3163e+00   1.3914e-02   9.1450e-03   1.1785e+08   1.1677e+08   1.1650e+08   3.2579e+06
  9.0603e+01   9.1374e+01   4.5135e+00   1.1289e-02   6.3630e-03   1.6002e+08   1.5918e+08   1.5870e+08   4.4257e+06
