## {'tot': 409387734.5297604, 'coords': 'spherical', 'metric': 'Euclidean', 'sep_units': 'arcmin', 'bin_type': 'Log'}
#   r_nom       meanr       meanlogr        xi        sigma_xi        DD           RR           DR         npairs   
  1.1037e-01   1.0754e-01  -2.2318e+00  -2.0151e-01   4.5531e-01   1.2348e+02   1.5658e+02   1.5581e+02   3.0000e+00
  1.3445e-01   1.3670e-01  -1.9911e+00   1.1426e+00   6.8401e-01   4.8776e+02   2.2826e+02   2.2761e+02   1.2000e+01
  1.6379e-01   1.6593e-01  -1.7973e+00   7.6434e-01   4.1320e-01   5.8626e+02   3.3675e+02   3.3281e+02   1.6000e+01
  1.9953e-01   2.0075e-01  -1.6077e+00   8.3991e-01   2.7124e-01   9.1894e+02   4.9577e+02   4.9915e+02   2.5000e+01
  2.4306e-01   2.4654e-01  -1.4019e+00   5.4559e-01   2.8073e-01   1.1181e+03   7.2918e+02   7.2470e+02   3.1000e+01
  2.9609e-01   2.9774e-01  -1.2131e+00   4.0703e-01   1.9630e-01   1.4903e+03   1.0701e+03   1.0624e+03   4.3000e+01
  3.6070e-01   3.7099e-01  -9.9295e-01   2.5502e-01   2.0073e-01   1.9727e+03   1.5713e+03   1.5717e+03   5.4000e+01
  4.3940e-01   4.4300e-01  -8.1571e-01   2.4984e-01   1.6389e-01   2.8819e+03   2.3091e+03   2.3070e+03   8.1000e+01
  5.3527e-01   5.4069e-01  -6.1653e-01   4.8151e-01   1.2605e-01   4.9843e+03   3.3994e+03   3.3734e+03   1.3800e+02
  6.5206e-01   6.5517e-01  -4.2462e-01   2.5611e-01   1.1536e-01   6.2762e+03   5.0097e+03   5.0015e+03   1.7500e+02
  7.9433e-01   8.0023e-01  -2.2444e-01   2.6682e-01   9.9731e-02   9.3504e+03   7.3874e+03   7.3833e+03   2.5300e+02
  9.6764e-01   9.7960e-01  -2.2155e-02   1.8877e-01   8.2345e-02   1.2962e+04   1.0887e+04   1.0897e+04   3.5400e+02
  1.1788e+00   1.1839e+00   1.6725e-01   1.2409e-01   5.4222e-02   1.7871e+04   1.6031e+04   1.5956e+04   5.0600e+02
  1.4360e+00   1.4478e+00   3.6850e-01   1.5730e-01   5.0294e-02   2.7421e+04   2.3610e+04   2.3659e+04   7.5800e+02
  1.7493e+00   1.7583e+00   5.6279e-01   1.5736e-01   4.3707e-02   4.0282e+04   3.4764e+04   3.4788e+04   1.1210e+03
  2.1309e+00   2.1496e+00   7.6377e-01   1.3854e-01   3.5911e-02   5.8403e+04   5.1104e+04   5.1213e+04   1.6680e+03
  2.5959e+00   2.6121e+00   9.5861e-01   1.1723e-01   2.4976e-02   8.4420e+04   7.5166e+04   7.5387e+04   2.3550e+03
  3.1623e+00   3.1931e+00   1.1595e+00   8.8939e-02   2.0634e-02   1.2027e+05   1.1041e+05   1.1043e+05   3.3700e+03
  3.8522e+00   3.8820e+00   1.3548e+00   7.9991e-02   2.2481e-02   1.7551e+05   1.6189e+05   1.6222e+05   4.9000e+03
  4.6928e+00   4.7297e+00   1.5524e+00   6.6784e-02   1.9463e-02   2.5369e+05   2.3764e+05   2.3773e+05   7.1250e+03
  5.7167e+00   5.7577e+00   1.7490e+00   5.4868e-02   2.0957e-02   3.6915e+05   3.4730e+05   3.4870e+05   1.0414e+04
  6.9640e+00   7.0230e+00   1.9477e+00   4.7343e-02   1.3841e-02   5.3229e+05   5.0855e+05   5.0838e+05   1.4963e+04
  8.4834e+00   8.5644e+00   2.1461e+00   3.3135e-02   1.4969e-02   7.7010e+05   7.4054e+05   7.4305e+05   2.1642e+04
  1.0334e+01   1.0416e+01   2.3419e+00   3.8178e-02   1.0558e-02   1.1240e+06   1.0785e+06   1.0807e+06   3.1652e+04
  1.2589e+01   1.2690e+01   2.5393e+00   2.7611e-02   1.0123e-02   1.6149e+06   1.5594e+06   1.5656e+06   4.5429e+04
  1.5336e+01   1.5463e+01   2.7370e+00   1.6481e-02   9.5813e-03   2.2995e+06   2.2498e+06   2.2561e+06   6.4814e+04
  1.8682e+01   1.8848e+01   2.9350e+00   1.7769e-02   8.9662e-03   3.3213e+06   3.2137e+06   3.2389e+06   9.3546e+04
  2.2758e+01   2.2951e+01   3.1319e+00   1.9169e-02   8.4580e-03   4.7313e+06   4.5678e+06   4.6057e+06   1.3321e+05
  2.7724e+01   2.7967e+01   3.3296e+00   1.6764e-02   8.4866e-03   6.6659e+06   6.3971e+06   6.4779e+06   1.8778e+05
  3.3773e+01   3.4072e+01   3.5270e+00   4.5272e-03   7.5627e-03   9.1807e+06   8.9137e+06   9.0270e+06   2.5864e+05
  4.1142e+01   4.1479e+01   3.7237e+00   7.1338e-03   7.3768e-03   1.2684e+07   1.2140e+07   1.2369e+07   3.5733e+05
  5.0119e+01   5.0495e+01   3.9204e+00   4.2691e-03   5.0921e-03   1.6856e+07   1.6392e+07   1.6589e+07   4.7474e+05
  6.1054e+01   6.1516e+01   4.1178e+00   7.3225e-03   7.5658e-03   2.2238e+07   2.1486e+07   2.1784e+07   6.2626e+05
  7.4375e+01   7.4914e+01   4.3149e+00   2.9357e-03   6.8634e-03   2.8598e+07   2.7699e+07   2.8108e+07   8.0318e+05
  9.0603e+01   9.1191e+01   4.5115e+00   1.7164e-02   7.2488e-03   3.5394e+07   3.4041e+07   3.4425e+07   9.9431e+05
