## {'tot': 6641421728780.394, 'coords': 'spherical', 'metric': 'Euclidean', 'sep_units': 'arcmin', 'bin_type': 'Log'}
#   r_nom       meanr       meanlogr        xi        sigma_xi        DD           RR           DR         npairs   
  1.1037e-01   1.1121e-01  -2.1979e+00   8.2449e-02   5.2497e-03   2.7412e+06   2.5402e+06   2.5360e+06   9.6831e+04
  1.3445e-01   1.3551e-01  -2.0003e+00   7.5445e-02   4.2130e-03   3.9788e+06   3.7030e+06   3.7012e+06   1.4063e+05
  1.6379e-01   1.6508e-01  -1.8028e+00   6.3973e-02   4.1251e-03   5.8196e+06   5.4630e+06   5.4666e+06   2.0545e+05
  1.9953e-01   2.0114e-01  -1.6053e+00   5.6432e-02   4.2823e-03   8.4942e+06   8.0428e+06   8.0416e+06   3.0028e+05
  2.4306e-01   2.4498e-01  -1.4081e+00   4.7587e-02   4.2353e-03   1.2398e+07   1.1829e+07   1.1832e+07   4.3824e+05
  2.9609e-01   2.9846e-01  -1.2106e+00   3.7391e-02   4.0390e-03   1.8031e+07   1.7360e+07   1.7371e+07   6.3752e+05
  3.6070e-01   3.6370e-01  -1.0129e+00   3.5162e-02   3.5578e-03   2.6438e+07   2.5491e+07   2.5516e+07   9.3468e+05
  4.3940e-01   4.4305e-01  -8.1555e-01   3.1698e-02   3.0161e-03   3.8745e+07   3.7461e+07   3.7509e+07   1.3696e+06
  5.3527e-01   5.3984e-01  -6.1797e-01   2.3388e-02   2.7632e-03   5.6753e+07   5.5148e+07   5.5305e+07   2.0067e+06
  6.5206e-01   6.5767e-01  -4.2053e-01   2.2565e-02   2.8419e-03   8.3593e+07   8.1272e+07   8.1516e+07   2.9556e+06
  7.9433e-01   8.0124e-01  -2.2306e-01   1.9086e-02   2.7511e-03   1.2295e+08   1.1984e+08   1.2025e+08   4.3481e+06
  9.6764e-01   9.7615e-01  -2.5612e-02   1.7823e-02   2.4882e-03   1.8089e+08   1.7662e+08   1.7718e+08   6.3963e+06
  1.1788e+00   1.1892e+00   1.7182e-01   1.5133e-02   2.4929e-03   2.6581e+08   2.6007e+08   2.6097e+08   9.3983e+06
  1.4360e+00   1.4488e+00   3.6930e-01   1.2188e-02   2.3609e-03   3.9019e+08   3.8303e+08   3.8428e+08   1.3794e+07
  1.7493e+00   1.7650e+00   5.6670e-01   1.2054e-02   2.2783e-03   5.7238e+08   5.6398e+08   5.6478e+08   2.0233e+07
  2.1309e+00   2.1504e+00   7.6420e-01   9.6746e-03   2.1597e-03   8.4010e+08   8.2905e+08   8.3056e+08   2.9693e+07
  2.5959e+00   2.6199e+00   9.6168e-01   9.6756e-03   2.1569e-03   1.2331e+09   1.2194e+09   1.2204e+09   4.3571e+07
  3.1623e+00   3.1919e+00   1.1592e+00   8.6958e-03   1.9819e-03   1.8091e+09   1.7911e+09   1.7923e+09   6.3915e+07
  3.8522e+00   3.8884e+00   1.3566e+00   5.3043e-03   1.9323e-03   2.6500e+09   2.6263e+09   2.6312e+09   9.3626e+07
  4.6928e+00   4.7370e+00   1.5540e+00   7.7341e-03   1.6999e-03   3.8847e+09   3.8552e+09   3.8550e+09   1.3725e+08
  5.7167e+00   5.7712e+00   1.7514e+00   4.0994e-03   1.4890e-03   5.6897e+09   5.6342e+09   5.6504e+09   2.0103e+08
  6.9640e+00   7.0303e+00   1.9488e+00   4.9755e-03   1.2725e-03   8.3055e+09   8.2501e+09   8.2573e+09   2.9345e+08
  8.4834e+00   8.5642e+00   2.1462e+00   3.7323e-03   1.0286e-03   1.2114e+10   1.2014e+10   1.2041e+10   4.2805e+08
  1.0334e+01   1.0433e+01   2.3435e+00   2.1241e-03   8.4490e-04   1.7592e+10   1.7497e+10   1.7526e+10   6.2161e+08
  1.2589e+01   1.2708e+01   2.5408e+00   2.9231e-03   6.8412e-04   2.5473e+10   2.5297e+10   2.5348e+10   9.0012e+08
  1.5336e+01   1.5480e+01   2.7381e+00   1.2400e-03   6.9916e-04   3.6656e+10   3.6498e+10   3.6554e+10   1.2953e+09
  1.8682e+01   1.8855e+01   2.9353e+00   1.5332e-03   6.0100e-04   5.2398e+10   5.2135e+10   5.2227e+10   1.8517e+09
  2.2758e+01   2.2967e+01   3.1326e+00   3.4083e-04   6.4835e-04   7.4338e+10   7.4102e+10   7.4207e+10   2.6270e+09
  2.7724e+01   2.7972e+01   3.3298e+00   4.1920e-04   6.5468e-04   1.0418e+11   1.0378e+11   1.0396e+11   3.6815e+09
  3.3773e+01   3.4069e+01   3.5269e+00   7.9225e-05   9.1963e-04   1.4475e+11   1.4460e+11   1.4467e+11   5.1151e+09
  4.1142e+01   4.1491e+01   3.7240e+00   4.5664e-04   6.7065e-04   1.9747e+11   1.9695e+11   1.9716e+11   6.9769e+09
  5.0119e+01   5.0525e+01   3.9210e+00   8.3597e-05   4.8457e-04   2.6531e+11   2.6592e+11   2.6561e+11   9.3721e+09
  6.1054e+01   6.1518e+01   4.1179e+00  -6.9802e-04   7.1723e-04   3.4835e+11   3.4857e+11   3.4858e+11   1.2306e+10
  7.4375e+01   7.4913e+01   4.3148e+00  -4.4821e-04   7.9180e-04   4.4843e+11   4.4936e+11   4.4900e+11   1.5840e+10
  9.0603e+01   9.1171e+01   4.5113e+00   5.2887e-04   9.5579e-04   5.5277e+11   5.5223e+11   5.5236e+11   1.9525e+10
