## {'tot': 131163082040.40703, 'coords': 'spherical', 'metric': 'Euclidean', 'sep_units': 'arcmin', 'bin_type': 'Log'}
#   r_nom       meanr       meanlogr        xi        sigma_xi        DD           RR           DR         npairs   
  1.1037e-01   1.1103e-01  -2.1996e+00   2.7765e-01   4.1610e-02   6.3925e+04   5.0167e+04   5.0081e+04   1.3830e+03
  1.3445e-01   1.3565e-01  -1.9993e+00   2.5125e-01   2.8548e-02   9.1956e+04   7.3132e+04   7.3357e+04   1.9840e+03
  1.6379e-01   1.6498e-01  -1.8035e+00   2.4957e-01   3.0499e-02   1.3420e+05   1.0789e+05   1.0758e+05   2.8910e+03
  1.9953e-01   2.0085e-01  -1.6068e+00   2.3768e-01   2.4302e-02   1.9656e+05   1.5884e+05   1.5882e+05   4.2280e+03
  2.4306e-01   2.4522e-01  -1.4072e+00   1.5931e-01   1.6701e-02   2.7071e+05   2.3362e+05   2.3356e+05   5.8530e+03
  2.9609e-01   2.9806e-01  -1.2121e+00   1.5430e-01   1.4237e-02   3.9636e+05   3.4285e+05   3.4316e+05   8.5950e+03
  3.6070e-01   3.6351e-01  -1.0135e+00   1.4630e-01   1.0704e-02   5.7380e+05   5.0342e+05   5.0179e+05   1.2368e+04
  4.3940e-01   4.4273e-01  -8.1636e-01   1.0295e-01   1.3129e-02   8.1701e+05   7.3982e+05   7.4033e+05   1.7775e+04
  5.3527e-01   5.3918e-01  -6.1927e-01   8.3919e-02   8.3573e-03   1.1820e+06   1.0891e+06   1.0899e+06   2.5654e+04
  6.5206e-01   6.5715e-01  -4.2137e-01   7.7480e-02   8.2411e-03   1.7298e+06   1.6051e+06   1.6053e+06   3.7678e+04
  7.9433e-01   8.0058e-01  -2.2393e-01   6.5458e-02   8.1723e-03   2.5212e+06   2.3668e+06   2.3666e+06   5.4944e+04
  9.6764e-01   9.7567e-01  -2.6131e-02   5.0969e-02   7.5475e-03   3.6713e+06   3.4881e+06   3.4908e+06   8.0247e+04
  1.1788e+00   1.1884e+00   1.7107e-01   4.3479e-02   5.0814e-03   5.3587e+06   5.1362e+06   5.1358e+06   1.1729e+05
  1.4360e+00   1.4480e+00   3.6868e-01   3.9541e-02   4.4666e-03   7.8621e+06   7.5645e+06   7.5637e+06   1.7199e+05
  1.7493e+00   1.7643e+00   5.6630e-01   3.1445e-02   4.9457e-03   1.1465e+07   1.1138e+07   1.1126e+07   2.5106e+05
  2.1309e+00   2.1491e+00   7.6357e-01   2.3051e-02   4.3502e-03   1.6732e+07   1.6373e+07   1.6364e+07   3.6688e+05
  2.5959e+00   2.6186e+00   9.6117e-01   2.3934e-02   4.5545e-03   2.4607e+07   2.4082e+07   2.4057e+07   5.3916e+05
  3.1623e+00   3.1895e+00   1.1584e+00   2.0073e-02   3.8991e-03   3.5988e+07   3.5373e+07   3.5325e+07   7.8958e+05
  3.8522e+00   3.8862e+00   1.3560e+00   1.3550e-02   3.2138e-03   5.2524e+07   5.1867e+07   5.1844e+07   1.1524e+06
  4.6928e+00   4.7342e+00   1.5534e+00   1.5666e-02   2.7154e-03   7.6933e+07   7.6137e+07   7.5939e+07   1.6880e+06
  5.7167e+00   5.7683e+00   1.7509e+00   1.1278e-02   2.6271e-03   1.1237e+08   1.1127e+08   1.1119e+08   2.4653e+06
  6.9640e+00   7.0265e+00   1.9482e+00   1.1783e-02   2.3436e-03   1.6388e+08   1.6293e+08   1.6245e+08   3.5961e+06
  8.4834e+00   8.5609e+00   2.1458e+00   6.8800e-03   2.0222e-03   2.3809e+08   2.3726e+08   2.3686e+08   5.2230e+06
  1.0334e+01   1.0428e+01   2.3430e+00   6.3112e-03   1.8758e-03   3.4481e+08   3.4555e+08   3.4409e+08   7.5666e+06
  1.2589e+01   1.2704e+01   2.5405e+00   3.8926e-03   1.3810e-03   4.9908e+08   4.9960e+08   4.9837e+08   1.0949e+07
  1.5336e+01   1.5476e+01   2.7379e+00   5.1435e-03   1.6792e-03   7.1586e+08   7.2081e+08   7.1648e+08   1.5703e+07
  1.8682e+01   1.8850e+01   2.9351e+00  -1.1682e-03   1.8627e-03   1.0176e+09   1.0296e+09   1.0242e+09   2.2322e+07
  2.2758e+01   2.2961e+01   3.1323e+00   3.9299e-03   1.7431e-03   1.4388e+09   1.4635e+09   1.4482e+09   3.1564e+07
  2.7724e+01   2.7969e+01   3.3296e+00  -2.3063e-03   1.4553e-03   2.0113e+09   2.0496e+09   2.0328e+09   4.4128e+07
  3.3773e+01   3.4061e+01   3.5267e+00   2.2981e-03   1.6978e-03   2.7860e+09   2.8558e+09   2.8176e+09   6.1125e+07
  4.1142e+01   4.1490e+01   3.7240e+00  -3.0094e-03   1.5221e-03   3.8163e+09   3.8896e+09   3.8588e+09   8.3713e+07
  5.0119e+01   5.0520e+01   3.9209e+00   3.2764e-03   1.3286e-03   5.1231e+09   5.2518e+09   5.1788e+09   1.1238e+08
  6.1054e+01   6.1531e+01   4.1181e+00  -1.1487e-03   1.4769e-03   6.7683e+09   6.8839e+09   6.8300e+09   1.4845e+08
  7.4375e+01   7.4931e+01   4.3151e+00  -1.5305e-04   1.7926e-03   8.7266e+09   8.8745e+09   8.8012e+09   1.9148e+08
  9.0603e+01   9.1204e+01   4.5116e+00   9.6674e-05   1.5363e-03   1.0941e+10   1.0906e+10   1.0923e+10   2.4008e+08
