## {'tot': 3694820465.9819307, 'coords': 'spherical', 'metric': 'Euclidean', 'sep_units': 'arcmin', 'bin_type': 'Log'}
#   r_nom       meanr       meanlogr        xi        sigma_xi        DD           RR           DR         npairs   
  1.1037e-01   1.1144e-01  -2.1959e+00   3.5945e-01   2.0233e-01   1.9422e+03   1.4132e+03   1.4237e+03   4.7000e+01
  1.3445e-01   1.3814e-01  -1.9809e+00   6.5424e-01   1.8658e-01   3.4297e+03   2.0601e+03   2.0710e+03   8.3000e+01
  1.6379e-01   1.6452e-01  -1.8062e+00   6.3168e-01   1.6647e-01   4.9158e+03   3.0393e+03   3.0176e+03   1.2000e+02
  1.9953e-01   2.0077e-01  -1.6071e+00   4.6226e-01   1.2286e-01   6.5039e+03   4.4744e+03   4.4550e+03   1.5600e+02
  2.4306e-01   2.4444e-01  -1.4103e+00   5.7523e-01   9.0795e-02   1.0267e+04   6.5811e+03   6.5314e+03   2.5600e+02
  2.9609e-01   2.9966e-01  -1.2066e+00   3.8924e-01   8.2422e-02   1.3395e+04   9.6581e+03   9.6467e+03   3.1700e+02
  3.6070e-01   3.6380e-01  -1.0127e+00   4.4575e-01   5.4413e-02   2.0271e+04   1.4181e+04   1.4066e+04   5.2100e+02
  4.3940e-01   4.4144e-01  -8.1925e-01   2.8094e-01   5.4557e-02   2.6684e+04   2.0841e+04   2.0835e+04   6.6200e+02
  5.3527e-01   5.3842e-01  -6.2068e-01   2.8968e-01   5.4168e-02   3.9419e+04   3.0680e+04   3.0606e+04   9.8900e+02
  6.5206e-01   6.5711e-01  -4.2147e-01   2.1823e-01   3.8753e-02   5.5090e+04   4.5214e+04   4.5219e+04   1.3880e+03
  7.9433e-01   8.0041e-01  -2.2423e-01   2.0068e-01   2.8559e-02   7.9592e+04   6.6673e+04   6.6442e+04   1.9940e+03
  9.6764e-01   9.7570e-01  -2.6191e-02   1.6801e-01   3.1468e-02   1.1487e+05   9.8258e+04   9.8309e+04   2.8980e+03
  1.1788e+00   1.1892e+00   1.7173e-01   1.5282e-01   2.4232e-02   1.6721e+05   1.4468e+05   1.4489e+05   4.2440e+03
  1.4360e+00   1.4455e+00   3.6689e-01   1.5507e-01   2.2036e-02   2.4680e+05   2.1309e+05   2.1342e+05   6.2720e+03
  1.7493e+00   1.7604e+00   5.6399e-01   9.3918e-02   2.0737e-02   3.4260e+05   3.1376e+05   3.1345e+05   8.6950e+03
  2.1309e+00   2.1477e+00   7.6293e-01   1.1853e-01   1.9089e-02   5.1661e+05   4.6122e+05   4.6158e+05   1.3102e+04
  2.5959e+00   2.6190e+00   9.6130e-01   5.6145e-02   1.9305e-02   7.1751e+05   6.7839e+05   6.7891e+05   1.8277e+04
  3.1623e+00   3.1852e+00   1.1570e+00   7.4639e-02   1.3977e-02   1.0692e+06   9.9644e+05   9.9565e+05   2.7241e+04
  3.8522e+00   3.8831e+00   1.3551e+00   6.1184e-02   1.3222e-02   1.5532e+06   1.4611e+06   1.4624e+06   3.9739e+04
  4.6928e+00   4.7313e+00   1.5527e+00   4.0010e-02   1.2969e-02   2.2295e+06   2.1448e+06   2.1442e+06   5.7071e+04
  5.7167e+00   5.7643e+00   1.7502e+00   3.4064e-02   9.9986e-03   3.2534e+06   3.1345e+06   3.1406e+06   8.2995e+04
  6.9640e+00   7.0230e+00   1.9477e+00   3.2450e-02   9.9608e-03   4.7448e+06   4.5898e+06   4.5928e+06   1.2123e+05
  8.4834e+00   8.5535e+00   2.1449e+00   1.6300e-02   9.3804e-03   6.8295e+06   6.6835e+06   6.7021e+06   1.7464e+05
  1.0334e+01   1.0425e+01   2.3427e+00   2.2834e-02   8.4563e-03   9.9505e+06   9.7340e+06   9.7312e+06   2.5486e+05
  1.2589e+01   1.2704e+01   2.5404e+00   2.4633e-02   8.2966e-03   1.4419e+07   1.4074e+07   1.4073e+07   3.6895e+05
  1.5336e+01   1.5470e+01   2.7374e+00   1.5159e-02   7.5269e-03   2.0481e+07   2.0305e+07   2.0239e+07   5.2456e+05
  1.8682e+01   1.8844e+01   2.9347e+00   1.1683e-02   7.8441e-03   2.9228e+07   2.9004e+07   2.8947e+07   7.4948e+05
  2.2758e+01   2.2954e+01   3.1321e+00   1.2136e-02   8.1062e-03   4.1335e+07   4.1225e+07   4.1030e+07   1.0591e+06
  2.7724e+01   2.7963e+01   3.3294e+00   1.1201e-02   7.8045e-03   5.7756e+07   5.7735e+07   5.7422e+07   1.4799e+06
  3.3773e+01   3.4062e+01   3.5267e+00   5.0974e-03   5.7888e-03   7.9182e+07   8.0448e+07   7.9610e+07   2.0307e+06
  4.1142e+01   4.1477e+01   3.7237e+00  -5.9973e-04   5.5249e-03   1.0734e+08   1.0957e+08   1.0849e+08   2.7518e+06
  5.0119e+01   5.0523e+01   3.9210e+00   1.4669e-03   5.2039e-03   1.4316e+08   1.4794e+08   1.4544e+08   3.6742e+06
  6.1054e+01   6.1531e+01   4.1181e+00   1.8032e-04   3.4982e-03   1.8882e+08   1.9392e+08   1.9135e+08   4.8476e+06
  7.4375e+01   7.4918e+01   4.3149e+00   1.0974e-03   3.3471e-03   2.4500e+08   2.4999e+08   2.4736e+08   6.2948e+06
  9.0603e+01   9.1180e+01   4.5114e+00  -7.6997e-05   3.3228e-03   3.0284e+08   3.0722e+08   3.0504e+08   7.7728e+06
