## {'tot': 597426227046.901, 'coords': 'spherical', 'metric': 'Euclidean', 'sep_units': 'arcmin', 'bin_type': 'Log'}
#   r_nom       meanr       meanlogr        xi        sigma_xi        DD           RR           DR         npairs   
  1.1037e-01   1.1115e-01  -2.1985e+00   1.8354e-01   1.8419e-02   2.6789e+05   2.2850e+05   2.2723e+05   6.1920e+03
  1.3445e-01   1.3551e-01  -2.0003e+00   1.7297e-01   1.6602e-02   3.8955e+05   3.3310e+05   3.3252e+05   9.0130e+03
  1.6379e-01   1.6508e-01  -1.8030e+00   1.2722e-01   1.3495e-02   5.5277e+05   4.9143e+05   4.9084e+05   1.2797e+04
  1.9953e-01   2.0111e-01  -1.6055e+00   1.0351e-01   1.0021e-02   7.9569e+05   7.2348e+05   7.2214e+05   1.8432e+04
  2.4306e-01   2.4495e-01  -1.4083e+00   1.0730e-01   8.9440e-03   1.1774e+06   1.0641e+06   1.0637e+06   2.7269e+04
  2.9609e-01   2.9844e-01  -1.2107e+00   8.7253e-02   6.0598e-03   1.6989e+06   1.5616e+06   1.5621e+06   3.9398e+04
  3.6070e-01   3.6351e-01  -1.0135e+00   7.8859e-02   6.7139e-03   2.4684e+06   2.2930e+06   2.2903e+06   5.7233e+04
  4.3940e-01   4.4307e-01  -8.1557e-01   6.2942e-02   4.7601e-03   3.5896e+06   3.3698e+06   3.3736e+06   8.3414e+04
  5.3527e-01   5.3954e-01  -6.1855e-01   5.1164e-02   4.5507e-03   5.2247e+06   4.9608e+06   4.9658e+06   1.2142e+05
  6.5206e-01   6.5730e-01  -4.2113e-01   4.6391e-02   4.1958e-03   7.6700e+06   7.3108e+06   7.3208e+06   1.7809e+05
  7.9433e-01   8.0106e-01  -2.2332e-01   4.1391e-02   3.7423e-03   1.1247e+07   1.0781e+07   1.0791e+07   2.6153e+05
  9.6764e-01   9.7587e-01  -2.5907e-02   3.2659e-02   3.4067e-03   1.6443e+07   1.5888e+07   1.5906e+07   3.8253e+05
  1.1788e+00   1.1887e+00   1.7137e-01   2.7455e-02   3.6798e-03   2.4092e+07   2.3394e+07   2.3422e+07   5.6014e+05
  1.4360e+00   1.4484e+00   3.6901e-01   2.3803e-02   3.2757e-03   3.5354e+07   3.4455e+07   3.4494e+07   8.2254e+05
  1.7493e+00   1.7644e+00   5.6634e-01   2.1233e-02   2.8591e-03   5.1826e+07   5.0732e+07   5.0740e+07   1.2058e+06
  2.1309e+00   2.1498e+00   7.6389e-01   1.6512e-02   2.8633e-03   7.5891e+07   7.4576e+07   7.4618e+07   1.7655e+06
  2.5959e+00   2.6188e+00   9.6124e-01   1.5782e-02   2.6742e-03   1.1126e+08   1.0969e+08   1.0961e+08   2.5897e+06
  3.1623e+00   3.1905e+00   1.1587e+00   1.5427e-02   2.3804e-03   1.6324e+08   1.6112e+08   1.6093e+08   3.7992e+06
  3.8522e+00   3.8870e+00   1.3562e+00   1.0298e-02   2.1417e-03   2.3883e+08   2.3624e+08   2.3632e+08   5.5598e+06
  4.6928e+00   4.7355e+00   1.5536e+00   1.1457e-02   2.0561e-03   3.4970e+08   3.4679e+08   3.4626e+08   8.1414e+06
  5.7167e+00   5.7692e+00   1.7511e+00   7.2733e-03   1.6904e-03   5.1115e+08   5.0683e+08   5.0714e+08   1.1899e+07
  6.9640e+00   7.0280e+00   1.9485e+00   7.0986e-03   1.6152e-03   7.4493e+08   7.4214e+08   7.4090e+08   1.7343e+07
  8.4834e+00   8.5617e+00   2.1458e+00   5.4031e-03   1.3505e-03   1.0866e+09   1.0807e+09   1.0807e+09   2.5296e+07
  1.0334e+01   1.0431e+01   2.3433e+00   7.4067e-03   1.0479e-03   1.5776e+09   1.5739e+09   1.5699e+09   3.6720e+07
  1.2589e+01   1.2706e+01   2.5407e+00   1.0366e-03   1.0355e-03   2.2759e+09   2.2756e+09   2.2746e+09   5.2975e+07
  1.5336e+01   1.5478e+01   2.7380e+00   4.4566e-03   1.0114e-03   3.2711e+09   3.2832e+09   3.2698e+09   7.6132e+07
  1.8682e+01   1.8855e+01   2.9353e+00   2.0160e-04   1.1837e-03   4.6731e+09   4.6898e+09   4.6810e+09   1.0875e+08
  2.2758e+01   2.2964e+01   3.1325e+00   2.6251e-03   1.1559e-03   6.6044e+09   6.6658e+09   6.6263e+09   1.5367e+08
  2.7724e+01   2.7971e+01   3.3297e+00  -4.6491e-04   1.0186e-03   9.2714e+09   9.3354e+09   9.3056e+09   2.1570e+08
  3.3773e+01   3.4065e+01   3.5268e+00   4.4261e-04   1.2465e-03   1.2831e+10   1.3008e+10   1.2917e+10   2.9845e+08
  4.1142e+01   4.1490e+01   3.7240e+00  -6.0284e-04   9.9799e-04   1.7563e+10   1.7717e+10   1.7645e+10   4.0826e+08
  5.0119e+01   5.0526e+01   3.9210e+00   1.1227e-03   1.1616e-03   2.3547e+10   2.3921e+10   2.3721e+10   5.4726e+08
  6.1054e+01   6.1536e+01   4.1182e+00  -6.1097e-04   1.2227e-03   3.1071e+10   3.1355e+10   3.1223e+10   7.2214e+08
  7.4375e+01   7.4924e+01   4.3150e+00  -1.2798e-03   1.0735e-03   3.9912e+10   4.0422e+10   4.0193e+10   9.2774e+08
  9.0603e+01   9.1186e+01   4.5114e+00   1.5646e-04   1.2247e-03   4.9752e+10   4.9676e+10   4.9710e+10   1.1564e+09
