## {'tot': 25183684779.331787, 'coords': 'spherical', 'metric': 'Euclidean', 'sep_units': 'arcmin', 'bin_type': 'Log'}
#   r_nom       meanr       meanlogr        xi        sigma_xi        DD           RR           DR         npairs   
  1.1037e-01   1.1137e-01  -2.1967e+00   3.3329e-01   7.7596e-02   1.2829e+04   9.6321e+03   9.6253e+03   2.9200e+02
  1.3445e-01   1.3517e-01  -2.0029e+00   4.6164e-01   7.1615e-02   2.0348e+04   1.4042e+04   1.3954e+04   4.5600e+02
  1.6379e-01   1.6391e-01  -1.8100e+00   4.4013e-01   5.9999e-02   2.9841e+04   2.0715e+04   2.0720e+04   6.7200e+02
  1.9953e-01   2.0093e-01  -1.6064e+00   2.5992e-01   4.5115e-02   3.8191e+04   3.0498e+04   3.0381e+04   8.6300e+02
  2.4306e-01   2.4457e-01  -1.4099e+00   2.8685e-01   3.6820e-02   5.7425e+04   4.4856e+04   4.4707e+04   1.2980e+03
  2.9609e-01   2.9853e-01  -1.2104e+00   2.3048e-01   3.0761e-02   8.0905e+04   6.5829e+04   6.5781e+04   1.8370e+03
  3.6070e-01   3.6366e-01  -1.0131e+00   2.2006e-01   3.4750e-02   1.1785e+05   9.6658e+04   9.6621e+04   2.6650e+03
  4.3940e-01   4.4290e-01  -8.1596e-01   2.1154e-01   1.6482e-02   1.7102e+05   1.4205e+05   1.4151e+05   3.9360e+03
  5.3527e-01   5.3969e-01  -6.1832e-01   1.5834e-01   2.2282e-02   2.4124e+05   2.0911e+05   2.0862e+05   5.5480e+03
  6.5206e-01   6.5699e-01  -4.2165e-01   1.3207e-01   1.7869e-02   3.4718e+05   3.0818e+05   3.0733e+05   7.9720e+03
  7.9433e-01   8.0082e-01  -2.2366e-01   1.1503e-01   1.1488e-02   5.0490e+05   4.5444e+05   4.5353e+05   1.1638e+04
  9.6764e-01   9.7571e-01  -2.6127e-02   8.3639e-02   1.1105e-02   7.2175e+05   6.6972e+05   6.6773e+05   1.6676e+04
  1.1788e+00   1.1882e+00   1.7096e-01   7.7073e-02   9.2648e-03   1.0597e+06   9.8616e+05   9.8492e+05   2.4546e+04
  1.4360e+00   1.4479e+00   3.6858e-01   8.0647e-02   8.8943e-03   1.5677e+06   1.4524e+06   1.4515e+06   3.6352e+04
  1.7493e+00   1.7648e+00   5.6654e-01   4.8711e-02   7.8083e-03   2.2374e+06   2.1385e+06   2.1359e+06   5.1945e+04
  2.1309e+00   2.1484e+00   7.6325e-01   4.4095e-02   6.0748e-03   3.2796e+06   3.1437e+06   3.1423e+06   7.6421e+04
  2.5959e+00   2.6169e+00   9.6050e-01   3.7683e-02   6.5630e-03   4.7856e+06   4.6239e+06   4.6176e+06   1.1158e+05
  3.1623e+00   3.1889e+00   1.1582e+00   3.6011e-02   4.9219e-03   7.0047e+06   6.7917e+06   6.7759e+06   1.6340e+05
  3.8522e+00   3.8866e+00   1.3561e+00   2.1952e-02   4.1724e-03   1.0130e+07   9.9586e+06   9.9351e+06   2.3641e+05
  4.6928e+00   4.7327e+00   1.5530e+00   1.9556e-02   3.9415e-03   1.4802e+07   1.4619e+07   1.4567e+07   3.4589e+05
  5.7167e+00   5.7661e+00   1.7505e+00   1.8682e-02   4.0955e-03   2.1664e+07   2.1365e+07   2.1315e+07   5.0615e+05
  6.9640e+00   7.0259e+00   1.9481e+00   1.6603e-02   3.9710e-03   3.1585e+07   3.1284e+07   3.1175e+07   7.3775e+05
  8.4834e+00   8.5588e+00   2.1455e+00   1.2836e-02   3.3106e-03   4.5943e+07   4.5555e+07   4.5457e+07   1.0735e+06
  1.0334e+01   1.0427e+01   2.3429e+00   1.0973e-02   3.4006e-03   6.6543e+07   6.6347e+07   6.6081e+07   1.5560e+06
  1.2589e+01   1.2701e+01   2.5403e+00   8.5494e-03   2.7176e-03   9.6141e+07   9.5925e+07   9.5623e+07   2.2462e+06
  1.5336e+01   1.5471e+01   2.7375e+00   1.0032e-02   3.2028e-03   1.3781e+08   1.3840e+08   1.3741e+08   3.2207e+06
  1.8682e+01   1.8848e+01   2.9349e+00   6.1903e-03   2.4515e-03   1.9609e+08   1.9769e+08   1.9628e+08   4.5829e+06
  2.2758e+01   2.2956e+01   3.1321e+00   5.6343e-03   2.7372e-03   2.7583e+08   2.8099e+08   2.7762e+08   6.4478e+06
  2.7724e+01   2.7967e+01   3.3296e+00   2.1207e-03   2.3921e-03   3.8534e+08   3.9352e+08   3.8901e+08   9.0092e+06
  3.3773e+01   3.4065e+01   3.5268e+00   5.3361e-03   2.4236e-03   5.3296e+08   5.4833e+08   5.3918e+08   1.2461e+07
  4.1142e+01   4.1488e+01   3.7239e+00  -3.1363e-03   2.3847e-03   7.2479e+08   7.4682e+08   7.3698e+08   1.6953e+07
  5.0119e+01   5.0522e+01   3.9210e+00   5.3560e-04   2.2999e-03   9.7222e+08   1.0084e+09   9.9002e+08   2.2758e+07
  6.1054e+01   6.1527e+01   4.1180e+00  -1.8428e-03   2.6555e-03   1.2872e+09   1.3217e+09   1.3057e+09   3.0119e+07
  7.4375e+01   7.4941e+01   4.3152e+00  -1.8640e-03   1.6753e-03   1.6666e+09   1.7039e+09   1.6869e+09   3.8983e+07
  9.0603e+01   9.1201e+01   4.5116e+00  -3.0096e-03   2.1014e-03   2.0865e+09   2.0940e+09   2.0934e+09   4.8743e+07
