## {'tot': 2578846.6265774793, 'coords': 'spherical', 'metric': 'Euclidean', 'sep_units': 'arcmin', 'bin_type': 'Log'}
#   r_nom       meanr       meanlogr        xi        sigma_xi        DD           RR           DR         npairs   
  1.1037e-01   1.1037e-01  -2.2039e+00  -9.9087e-01   9.1305e-02   0.0000e+00   9.8634e-01   9.8184e-01   0.0000e+00
  1.3445e-01   1.3445e-01  -2.0065e+00  -1.0526e+00   6.2279e-02   0.0000e+00   1.4379e+00   1.4757e+00   0.0000e+00
  1.6379e-01   1.6379e-01  -1.8092e+00  -9.0484e-01   5.8331e-02   0.0000e+00   2.1213e+00   2.0204e+00   0.0000e+00
  1.9953e-01   1.9953e-01  -1.6118e+00  -9.4790e-01   5.6520e-02   0.0000e+00   3.1230e+00   3.0416e+00   0.0000e+00
  2.4306e-01   2.4306e-01  -1.4144e+00  -9.5566e-01   3.9006e-02   0.0000e+00   4.5933e+00   4.4915e+00   0.0000e+00
  2.9609e-01   2.9609e-01  -1.2171e+00  -9.3646e-01   3.2725e-02   0.0000e+00   6.7410e+00   6.5268e+00   0.0000e+00
  3.6070e-01   3.6070e-01  -1.0197e+00  -1.0246e+00   3.0668e-02   0.0000e+00   9.8980e+00   1.0020e+01   0.0000e+00
  4.3940e-01   4.3940e-01  -8.2235e-01  -9.8161e-01   3.0627e-02   0.0000e+00   1.4546e+01   1.4412e+01   0.0000e+00
  5.3527e-01   5.5062e-01  -5.9672e-01   1.3629e-01   1.1170e+00   2.3661e+01   2.1414e+01   2.1078e+01   1.0000e+00
  6.5206e-01   6.2842e-01  -4.6461e-01   1.3293e+00   1.7776e+00   7.3071e+01   3.1558e+01   3.1340e+01   2.0000e+00
  7.9433e-01   8.0492e-01  -2.1851e-01   1.6621e+00   1.1467e+00   1.2338e+02   4.6535e+01   4.6285e+01   4.0000e+00
  9.6764e-01   8.7947e-01  -1.2844e-01  -6.3111e-01   3.5367e-01   2.3662e+01   6.8580e+01   6.7762e+01   1.0000e+00
  1.1788e+00   1.2248e+00   2.0038e-01   2.1606e-01   5.7576e-01   1.1930e+02   1.0098e+02   9.9231e+01   4.0000e+00
  1.4360e+00   1.5064e+00   4.0941e-01  -6.0804e-01   2.5039e-01   5.3664e+01   1.4873e+02   1.4641e+02   2.0000e+00
  1.7493e+00   1.7986e+00   5.8522e-01  -2.0366e-01   3.1401e-01   1.6668e+02   2.1899e+02   2.1513e+02   6.0000e+00
  2.1309e+00   2.1505e+00   7.6427e-01   2.4315e-01   3.4745e-01   3.9366e+02   3.2192e+02   3.1865e+02   1.3000e+01
  2.5959e+00   2.6009e+00   9.5407e-01   2.5283e-01   2.8885e-01   5.7472e+02   4.7349e+02   4.6425e+02   1.9000e+01
  3.1623e+00   3.1757e+00   1.1539e+00   6.0722e-01   2.2163e-01   1.0939e+03   6.9548e+02   6.8352e+02   4.1000e+01
  3.8522e+00   3.8830e+00   1.3550e+00   2.1466e-01   1.8180e-01   1.2124e+03   1.0198e+03   1.0066e+03   3.8000e+01
  4.6928e+00   4.6604e+00   1.5376e+00   1.4371e-01   1.5496e-01   1.6545e+03   1.4970e+03   1.4682e+03   5.9000e+01
  5.7167e+00   5.7707e+00   1.7509e+00   2.7527e-01   1.8294e-01   2.7298e+03   2.1878e+03   2.1577e+03   9.0000e+01
  6.9640e+00   7.0062e+00   1.9452e+00   6.8555e-02   1.0157e-01   3.2912e+03   3.2035e+03   3.1375e+03   1.1200e+02
  8.4834e+00   8.5661e+00   2.1460e+00  -1.9022e-02   1.0396e-01   4.4232e+03   4.6649e+03   4.5884e+03   1.5100e+02
  1.0334e+01   1.0350e+01   2.3355e+00   8.6338e-02   1.0066e-01   7.0663e+03   6.7940e+03   6.6368e+03   2.3900e+02
  1.2589e+01   1.2633e+01   2.5349e+00   6.6387e-02   7.9380e-02   1.0015e+04   9.8228e+03   9.5928e+03   3.4700e+02
  1.5336e+01   1.5408e+01   2.7333e+00   6.9777e-02   7.9493e-02   1.4277e+04   1.4172e+04   1.3730e+04   5.0100e+02
  1.8682e+01   1.8798e+01   2.9322e+00  -1.3431e-02   6.0937e-02   1.8640e+04   2.0244e+04   1.9578e+04   6.4800e+02
  2.2758e+01   2.2931e+01   3.1309e+00   3.4505e-02   5.4261e-02   2.8064e+04   2.8774e+04   2.7923e+04   9.8000e+02
  2.7724e+01   2.7965e+01   3.3295e+00   3.5391e-02   3.7875e-02   3.9502e+04   4.0297e+04   3.9186e+04   1.3740e+03
  3.3773e+01   3.3938e+01   3.5230e+00  -1.8395e-02   4.3099e-02   5.1238e+04   5.6150e+04   5.4210e+04   1.7910e+03
  4.1142e+01   4.1476e+01   3.7237e+00   1.4574e-02   2.4892e-02   7.3811e+04   7.6475e+04   7.4586e+04   2.5840e+03
  5.0119e+01   5.0551e+01   3.9215e+00  -3.3989e-02   3.2241e-02   9.4971e+04   1.0326e+05   1.0087e+05   3.3010e+03
  6.1054e+01   6.1591e+01   4.1191e+00   1.7036e-02   2.4264e-02   1.3122e+05   1.3535e+05   1.3213e+05   4.5960e+03
  7.4375e+01   7.4693e+01   4.3118e+00  -1.2068e-02   3.8909e-02   1.7075e+05   1.7448e+05   1.7367e+05   5.9380e+03
  9.0603e+01   9.1429e+01   4.5140e+00  -1.5446e-02   3.1405e-02   2.1222e+05   2.1443e+05   2.1498e+05   7.3460e+03
