## {'tot': 22102663601316.83, 'coords': 'spherical', 'metric': 'Euclidean', 'sep_units': 'arcmin', 'bin_type': 'Log'}
#   r_nom       meanr       meanlogr        xi        sigma_xi        DD           RR           DR         npairs   
  1.4125e-01   1.5407e-01  -1.8878e+00   2.6300e-01   6.4900e-03   5.0894e+06   4.0575e+06   4.0399e+06   1.0378e+05
  2.8184e-01   3.0762e-01  -1.1957e+00   1.4777e-01   4.5307e-03   1.7921e+07   1.5612e+07   1.5613e+07   3.6737e+05
  5.6234e-01   6.1525e-01  -5.0182e-01   8.6328e-02   2.7254e-03   6.5594e+07   6.0274e+07   6.0332e+07   1.3518e+06
  1.1220e+00   1.2294e+00   1.9065e-01   5.1134e-02   2.1549e-03   2.4695e+08   2.3422e+08   2.3460e+08   5.1065e+06
  2.2387e+00   2.4547e+00   8.8209e-01   3.0726e-02   1.9616e-03   9.3595e+08   9.0616e+08   9.0713e+08   1.9392e+07
  4.4668e+00   4.8989e+00   1.5731e+00   1.8807e-02   1.9657e-03   3.5513e+09   3.4818e+09   3.4838e+09   7.3632e+07
  8.9125e+00   9.7757e+00   2.2639e+00   1.2142e-02   1.7876e-03   1.3443e+10   1.3277e+10   1.3279e+10   2.7873e+08
  1.7783e+01   1.9482e+01   2.9533e+00   7.3943e-03   1.5405e-03   5.0275e+10   4.9842e+10   4.9874e+10   1.0421e+09
  3.5481e+01   3.8746e+01   3.6407e+00   3.4980e-03   1.5582e-03   1.7973e+11   1.7842e+11   1.7876e+11   3.7224e+09
  7.0795e+01   7.6562e+01   4.3209e+00   1.9609e-03   1.1923e-03   5.5938e+11   5.5512e+11   5.5670e+11   1.1564e+10
