## {'tot': 4238801309328.9136, 'coords': 'spherical', 'metric': 'Euclidean', 'sep_units': 'arcmin', 'bin_type': 'Log'}
#   r_nom       meanr       meanlogr        xi        sigma_xi        DD           RR           DR         npairs   
  1.4125e-01   1.5404e-01  -1.8881e+00   4.2450e-01   1.2650e-02   1.1018e+06   7.7814e+05   7.7479e+05   2.3171e+04
  2.8184e-01   3.0688e-01  -1.1986e+00   2.4743e-01   6.9269e-03   3.7322e+06   2.9940e+06   2.9927e+06   7.9660e+04
  5.6234e-01   6.1409e-01  -5.0409e-01   1.5083e-01   5.2478e-03   1.3298e+07   1.1559e+07   1.1557e+07   2.8629e+05
  1.1220e+00   1.2282e+00   1.8960e-01   8.9425e-02   4.0130e-03   4.9011e+07   4.4918e+07   4.4956e+07   1.0629e+06
  2.2387e+00   2.4527e+00   8.8125e-01   5.2917e-02   2.9131e-03   1.8318e+08   1.7378e+08   1.7388e+08   3.9903e+06
  4.4668e+00   4.8958e+00   1.5724e+00   2.9095e-02   2.6706e-03   6.8710e+08   6.6773e+08   6.6770e+08   1.5012e+07
  8.9125e+00   9.7732e+00   2.2636e+00   1.8297e-02   2.1432e-03   2.5883e+09   2.5463e+09   2.5440e+09   5.6597e+07
  1.7783e+01   1.9478e+01   2.9532e+00   1.1420e-02   2.0890e-03   9.6580e+09   9.5587e+09   9.5538e+09   2.1118e+08
  3.5481e+01   3.8732e+01   3.6403e+00   5.8562e-03   1.6597e-03   3.4379e+10   3.4217e+10   3.4198e+10   7.5139e+08
  7.0795e+01   7.6542e+01   4.3207e+00   2.8175e-03   1.1894e-03   1.0674e+11   1.0646e+11   1.0645e+11   2.3286e+09
