## {'tot': 71148592502.47615, 'coords': 'spherical', 'metric': 'Euclidean', 'sep_units': 'arcmin', 'bin_type': 'Log'}
#   r_nom       meanr       meanlogr        xi        sigma_xi        DD           RR           DR         npairs   
  1.4125e-01   1.5553e-01  -1.8777e+00   1.0796e+00   9.6956e-02   2.7051e+04   1.3061e+04   1.3006e+04   6.8100e+02
  2.8184e-01   3.0403e-01  -1.2088e+00   6.3174e-01   5.0374e-02   8.1819e+04   5.0255e+04   5.0163e+04   2.1180e+03
  5.6234e-01   6.1206e-01  -5.0855e-01   4.0492e-01   1.5785e-02   2.7195e+05   1.9402e+05   1.9371e+05   7.0850e+03
  1.1220e+00   1.2254e+00   1.8642e-01   2.5279e-01   1.3343e-02   9.4483e+05   7.5395e+05   7.5409e+05   2.4815e+04
  2.2387e+00   2.4434e+00   8.7725e-01   1.4771e-01   8.9320e-03   3.3564e+06   2.9169e+06   2.9212e+06   8.9264e+04
  4.4668e+00   4.8834e+00   1.5699e+00   8.5602e-02   7.4966e-03   1.2212e+07   1.1208e+07   1.1230e+07   3.2637e+05
  8.9125e+00   9.7596e+00   2.2623e+00   4.7710e-02   5.8372e-03   4.4957e+07   4.2740e+07   4.2829e+07   1.2056e+06
  1.7783e+01   1.9467e+01   2.9527e+00   2.5101e-02   3.1027e-03   1.6560e+08   1.6044e+08   1.6101e+08   4.4439e+06
  3.5481e+01   3.8711e+01   3.6399e+00   1.2205e-02   1.9061e-03   5.8755e+08   5.7434e+08   5.7744e+08   1.5755e+07
  7.0795e+01   7.6498e+01   4.3202e+00   3.8043e-03   1.9134e-03   1.8166e+09   1.7869e+09   1.7983e+09   4.8663e+07
