## {'tot': 85535945132539.94, 'coords': 'spherical', 'metric': 'Euclidean', 'sep_units': 'arcmin', 'bin_type': 'Log'}
#   r_nom       meanr       meanlogr        xi        sigma_xi        DD           RR           DR         npairs   
  1.4125e-01   1.5421e-01  -1.8865e+00   1.5187e-01   2.2382e-03   1.7977e+07   1.5702e+07   1.5647e+07   4.2395e+05
  2.8184e-01   3.0809e-01  -1.1937e+00   8.6467e-02   1.9136e-03   6.5744e+07   6.0417e+07   6.0468e+07   1.5539e+06
  5.6234e-01   6.1599e-01  -5.0036e-01   5.2325e-02   1.3764e-03   2.4632e+08   2.3326e+08   2.3369e+08   5.8320e+06
  1.1220e+00   1.2303e+00   1.9146e-01   3.2497e-02   1.1723e-03   9.4011e+08   9.0641e+08   9.0853e+08   2.2278e+07
  2.2387e+00   2.4557e+00   8.8253e-01   2.0496e-02   1.1794e-03   3.5896e+09   3.5068e+09   3.5123e+09   8.5064e+07
  4.4668e+00   4.9008e+00   1.5734e+00   1.3929e-02   1.0176e-03   1.3693e+10   1.3474e+10   1.3490e+10   3.2434e+08
  8.9125e+00   9.7774e+00   2.2640e+00   1.0014e-02   9.8722e-04   5.1976e+10   5.1382e+10   5.1422e+10   1.2307e+09
  1.7783e+01   1.9487e+01   2.9535e+00   5.6419e-03   7.4535e-04   1.9456e+11   1.9289e+11   1.9318e+11   4.6067e+09
  3.5481e+01   3.8749e+01   3.6407e+00   3.0369e-03   7.7267e-04   6.9560e+11   6.9048e+11   6.9199e+11   1.6459e+10
  7.0795e+01   7.6532e+01   4.3205e+00   1.7315e-03   5.9106e-04   2.1560e+12   2.1483e+12   2.1503e+12   5.1050e+10
