## {'tot': 656153959010.1984, 'coords': 'spherical', 'metric': 'Euclidean', 'sep_units': 'arcmin', 'bin_type': 'Log'}
#   r_nom       meanr       meanlogr        xi        sigma_xi        DD           RR           DR         npairs   
  1.4125e-01   1.5410e-01  -1.8876e+00   7.0108e-01   3.4044e-02   2.0332e+05   1.2045e+05   1.1966e+05   4.5950e+03
  2.8184e-01   3.0662e-01  -1.1999e+00   4.2738e-01   1.6628e-02   6.5951e+05   4.6346e+05   4.6245e+05   1.5294e+04
  5.6234e-01   6.1368e-01  -5.0521e-01   2.4867e-01   7.8630e-03   2.2319e+06   1.7893e+06   1.7882e+06   5.2105e+04
  1.1220e+00   1.2257e+00   1.8729e-01   1.5944e-01   5.1029e-03   8.0726e+06   6.9531e+06   6.9586e+06   1.9060e+05
  2.2387e+00   2.4490e+00   8.7968e-01   9.0573e-02   3.8713e-03   2.9373e+07   2.6901e+07   2.6919e+07   6.9890e+05
  4.4668e+00   4.8927e+00   1.5718e+00   4.9544e-02   3.2602e-03   1.0854e+08   1.0336e+08   1.0339e+08   2.5959e+06
  8.9125e+00   9.7679e+00   2.2631e+00   2.6264e-02   2.5071e-03   4.0424e+08   3.9416e+08   3.9402e+08   9.6833e+06
  1.7783e+01   1.9474e+01   2.9530e+00   1.4678e-02   1.8038e-03   1.5031e+09   1.4797e+09   1.4805e+09   3.6016e+07
  3.5481e+01   3.8726e+01   3.6402e+00   8.8064e-03   1.5277e-03   5.3534e+09   5.2967e+09   5.3017e+09   1.2819e+08
  7.0795e+01   7.6511e+01   4.3203e+00   2.9396e-03   1.3692e-03   1.6593e+10   1.6480e+10   1.6512e+10   3.9661e+08
