## {'tot': 1323915945.7422364, 'coords': 'spherical', 'metric': 'Euclidean', 'sep_units': 'arcmin', 'bin_type': 'Log'}
#   r_nom       meanr       meanlogr        xi        sigma_xi        DD           RR           DR         npairs   
  1.4125e-01   1.6417e-01  -1.8270e+00   2.6671e-01   6.6217e-01   3.0806e+02   2.4304e+02   2.4314e+02   9.0000e+00
  2.8184e-01   3.0829e-01  -1.1917e+00   1.1037e+00   3.5527e-01   1.9710e+03   9.3513e+02   9.3699e+02   5.6000e+01
  5.6234e-01   6.1176e-01  -5.0897e-01   9.2751e-01   1.5675e-01   6.9696e+03   3.6103e+03   3.6157e+03   2.1100e+02
  1.1220e+00   1.2204e+00   1.8086e-01   6.2154e-01   5.9113e-02   2.2940e+04   1.4029e+04   1.4125e+04   6.8700e+02
  2.2387e+00   2.4556e+00   8.8217e-01   3.9296e-01   5.4827e-02   7.6373e+04   5.4278e+04   5.4661e+04   2.3160e+03
  4.4668e+00   4.8720e+00   1.5673e+00   3.1249e-01   4.6904e-02   2.7755e+05   2.0855e+05   2.1047e+05   8.4490e+03
  8.9125e+00   9.7485e+00   2.2611e+00   2.0269e-01   4.4022e-02   9.7437e+05   7.9529e+05   8.0423e+05   2.9785e+04
  1.7783e+01   1.9431e+01   2.9510e+00   1.4925e-01   4.4954e-02   3.5174e+06   2.9855e+06   3.0287e+06   1.0816e+05
  3.5481e+01   3.8672e+01   3.6391e+00   1.2508e-01   4.0147e-02   1.2465e+07   1.0687e+07   1.0907e+07   3.8264e+05
  7.0795e+01   7.6398e+01   4.3189e+00   8.7328e-02   3.6045e-02   3.7948e+07   3.3251e+07   3.4147e+07   1.1633e+06
