## {'tot': 290153.9426540632, 'coords': 'spherical', 'metric': 'Euclidean', 'sep_units': 'arcmin', 'bin_type': 'Log'}
#   r_nom       meanr       meanlogr        xi        sigma_xi        DD           RR           DR         npairs   
  1.1037e-01   1.1037e-01  -2.2039e+00  -8.7032e-01   2.0584e-01   0.0000e+00   8.7705e-03   8.2018e-03   0.0000e+00
  1.3445e-01   1.3445e-01  -2.0065e+00  -1.2147e+00   1.7162e-01   0.0000e+00   1.2801e-02   1.4175e-02   0.0000e+00
  1.6379e-01   1.6379e-01  -1.8092e+00  -9.8388e-01   9.7389e-02   0.0000e+00   1.8877e-02   1.8725e-02   0.0000e+00
  1.9953e-01   1.9953e-01  -1.6118e+00  -8.7081e-01   5.4033e-02   0.0000e+00   2.7812e-02   2.6016e-02   0.0000e+00
  2.4306e-01   2.4306e-01  -1.4144e+00  -9.0913e-01   9.9224e-02   0.0000e+00   4.0922e-02   3.9062e-02   0.0000e+00
  2.9609e-01   2.9609e-01  -1.2171e+00  -8.7152e-01   5.4141e-02   0.0000e+00   6.0139e-02   5.6276e-02   0.0000e+00
  3.6070e-01   3.6070e-01  -1.0197e+00  -9.8447e-01   6.7392e-02   0.0000e+00   8.8313e-02   8.7627e-02   0.0000e+00
  4.3940e-01   4.5892e-01  -7.7887e-01   3.9648e+02   4.1083e+02   5.1595e+01   1.2982e-01   1.2710e-01   1.0000e+00
  5.3527e-01   5.3527e-01  -6.2499e-01  -9.6367e-01   4.9108e-02   0.0000e+00   1.9114e-01   1.8767e-01   0.0000e+00
  6.5206e-01   6.5206e-01  -4.2762e-01  -1.0333e+00   4.1193e-02   0.0000e+00   2.8170e-01   2.8639e-01   0.0000e+00
  7.9433e-01   7.9433e-01  -2.3026e-01  -1.0068e+00   4.9323e-02   0.0000e+00   4.1542e-01   4.1683e-01   0.0000e+00
  9.6764e-01   9.6764e-01  -3.2894e-02  -9.9698e-01   4.5683e-02   0.0000e+00   6.1268e-01   6.1176e-01   0.0000e+00
  1.1788e+00   1.1788e+00   1.6447e-01  -1.0219e+00   4.1004e-02   0.0000e+00   9.0285e-01   9.1274e-01   0.0000e+00
  1.4360e+00   1.4360e+00   3.6183e-01  -9.9756e-01   3.5139e-02   0.0000e+00   1.3295e+00   1.3279e+00   0.0000e+00
  1.7493e+00   1.7493e+00   5.5920e-01  -9.6835e-01   3.1544e-02   0.0000e+00   1.9593e+00   1.9283e+00   0.0000e+00
  2.1309e+00   2.1309e+00   7.5656e-01  -1.0169e+00   3.4444e-02   0.0000e+00   2.8829e+00   2.9074e+00   0.0000e+00
  2.5959e+00   2.5959e+00   9.5393e-01  -1.0077e+00   3.3547e-02   0.0000e+00   4.2354e+00   4.2516e+00   0.0000e+00
  3.1623e+00   3.1623e+00   1.1513e+00  -1.0065e+00   2.6157e-02   0.0000e+00   6.2292e+00   6.2494e+00   0.0000e+00
  3.8522e+00   3.8522e+00   1.3487e+00  -1.0042e+00   3.0100e-02   0.0000e+00   9.1408e+00   9.1599e+00   0.0000e+00
  4.6928e+00   4.6928e+00   1.5460e+00  -9.7926e-01   3.0818e-02   0.0000e+00   1.3444e+01   1.3305e+01   0.0000e+00
  5.7167e+00   6.0132e+00   1.7940e+00   2.1823e-01   1.2648e+00   2.3605e+01   1.9696e+01   1.9501e+01   1.0000e+00
  6.9640e+00   6.9805e+00   1.9431e+00   1.2033e+00   2.2604e+00   6.3176e+01   2.8878e+01   2.8652e+01   1.0000e+00
  8.4834e+00   8.4834e+00   2.1381e+00  -1.0017e+00   4.2524e-02   0.0000e+00   4.2275e+01   4.2311e+01   0.0000e+00
  1.0334e+01   1.0334e+01   2.3355e+00  -9.5211e-01   5.0523e-02   0.0000e+00   6.2027e+01   6.0541e+01   0.0000e+00
  1.2589e+01   1.2319e+01   2.5112e+00  -4.9921e-01   4.9204e-01   4.2689e+01   9.0542e+01   8.9215e+01   1.0000e+00
  1.5336e+01   1.5421e+01   2.7340e+00  -2.9533e-01   4.7259e-01   9.0658e+01   1.3251e+02   1.3115e+02   2.0000e+00
  1.8682e+01   1.7111e+01   2.8397e+00  -7.4815e-01   2.1405e-01   4.0889e+01   1.9215e+02   1.8840e+02   1.0000e+00
  2.2758e+01   2.3055e+01   3.1363e+00   3.6769e-01   5.1620e-01   3.7325e+02   2.8014e+02   2.7519e+02   7.0000e+00
  2.7724e+01   2.7718e+01   3.3205e+00  -5.7878e-02   4.2713e-01   3.5264e+02   4.0283e+02   3.8939e+02   7.0000e+00
  3.3773e+01   3.3573e+01   3.5123e+00   2.7733e-03   3.2417e-01   5.4611e+02   5.8168e+02   5.6309e+02   1.1000e+01
  4.1142e+01   4.1458e+01   3.7224e+00  -1.7944e-01   2.2069e-01   6.0947e+02   8.2491e+02   7.9121e+02   1.3000e+01
  5.0119e+01   5.0639e+01   3.9233e+00   1.3735e-01   2.3348e-01   1.1976e+03   1.1599e+03   1.0991e+03   2.3000e+01
  6.1054e+01   6.0938e+01   4.1084e+00   7.1568e-02   1.9229e-01   1.5817e+03   1.6008e+03   1.5339e+03   3.0000e+01
  7.4375e+01   7.3968e+01   4.3018e+00   1.5164e-01   1.4157e-01   2.3145e+03   2.1786e+03   2.0814e+03   5.0000e+01
  9.0603e+01   9.0946e+01   4.5086e+00  -1.3527e-01   1.3392e-01   2.3694e+03   2.8804e+03   2.8197e+03   5.3000e+01
