## {'tot': 60664488968.60533, 'coords': 'spherical', 'metric': 'Euclidean', 'sep_units': 'arcmin', 'bin_type': 'Log'}
#   r_nom       meanr       meanlogr        xi        sigma_xi        DD           RR           DR         npairs   
  1.1037e-01   1.1164e-01  -2.1940e+00   1.1254e+00   2.5496e-01   3.8976e+03   1.8337e+03   1.8338e+03   1.0300e+02
  1.3445e-01   1.3554e-01  -2.0000e+00   9.5276e-01   1.8715e-01   5.2034e+03   2.6763e+03   2.6649e+03   1.3700e+02
  1.6379e-01   1.6358e-01  -1.8120e+00   6.3129e-01   1.4344e-01   6.4709e+03   3.9467e+03   3.9630e+03   1.6600e+02
  1.9953e-01   2.0155e-01  -1.6033e+00   5.2959e-01   8.3394e-02   8.8282e+03   5.8149e+03   5.7818e+03   2.3500e+02
  2.4306e-01   2.4524e-01  -1.4072e+00   3.0875e-01   7.7510e-02   1.1169e+04   8.5558e+03   8.5414e+03   2.9400e+02
  2.9609e-01   2.9819e-01  -1.2116e+00   3.3725e-01   6.0586e-02   1.6747e+04   1.2574e+04   1.2540e+04   4.5100e+02
  3.6070e-01   3.6359e-01  -1.0133e+00   2.3425e-01   3.7318e-02   2.2792e+04   1.8464e+04   1.8465e+04   6.0500e+02
  4.3940e-01   4.4277e-01  -8.1631e-01   2.0842e-01   4.9684e-02   3.2813e+04   2.7142e+04   2.7149e+04   8.7100e+02
  5.3527e-01   5.4085e-01  -6.1613e-01   2.0494e-01   3.0321e-02   4.8333e+04   3.9963e+04   4.0053e+04   1.2990e+03
  6.5206e-01   6.5610e-01  -4.2299e-01   1.7656e-01   3.3553e-02   6.9841e+04   5.8897e+04   5.9170e+04   1.8600e+03
  7.9433e-01   8.0013e-01  -2.2459e-01   1.2477e-01   2.9537e-02   9.8631e+04   8.6855e+04   8.7325e+04   2.6340e+03
  9.6764e-01   9.7439e-01  -2.7509e-02   1.2946e-01   1.8361e-02   1.4650e+05   1.2810e+05   1.2901e+05   3.9130e+03
  1.1788e+00   1.1856e+00   1.6866e-01   1.2052e-01   1.8290e-02   2.1395e+05   1.8877e+05   1.8998e+05   5.7010e+03
  1.4360e+00   1.4459e+00   3.6712e-01   1.0844e-01   1.9920e-02   3.1192e+05   2.7797e+05   2.7988e+05   8.2990e+03
  1.7493e+00   1.7610e+00   5.6428e-01   8.7939e-02   1.4653e-02   4.4852e+05   4.0965e+05   4.1107e+05   1.1891e+04
  2.1309e+00   2.1479e+00   7.6292e-01   8.9700e-02   1.3486e-02   6.6089e+05   6.0276e+05   6.0479e+05   1.7577e+04
  2.5959e+00   2.6165e+00   9.6029e-01   8.7590e-02   8.4698e-03   9.6995e+05   8.8552e+05   8.8896e+05   2.5810e+04
  3.1623e+00   3.1874e+00   1.1577e+00   7.2933e-02   1.1747e-02   1.4014e+06   1.3024e+06   1.3044e+06   3.7153e+04
  3.8522e+00   3.8854e+00   1.3557e+00   6.3336e-02   9.4223e-03   2.0436e+06   1.9111e+06   1.9169e+06   5.4306e+04
  4.6928e+00   4.7328e+00   1.5530e+00   5.6587e-02   7.4350e-03   2.9848e+06   2.8109e+06   2.8183e+06   7.9307e+04
  5.7167e+00   5.7632e+00   1.7500e+00   4.2886e-02   8.5013e-03   4.3384e+06   4.1180e+06   4.1399e+06   1.1520e+05
  6.9640e+00   7.0223e+00   1.9476e+00   5.4006e-02   7.5249e-03   6.4092e+06   6.0378e+06   6.0604e+06   1.7037e+05
  8.4834e+00   8.5548e+00   2.1450e+00   4.1117e-02   7.1323e-03   9.3050e+06   8.8388e+06   8.8902e+06   2.4715e+05
  1.0334e+01   1.0424e+01   2.3427e+00   3.8085e-02   7.4313e-03   1.3575e+07   1.2968e+07   1.3025e+07   3.6078e+05
  1.2589e+01   1.2698e+01   2.5400e+00   3.4464e-02   7.5997e-03   1.9837e+07   1.8930e+07   1.9057e+07   5.2692e+05
  1.5336e+01   1.5471e+01   2.7375e+00   3.2806e-02   6.7851e-03   2.8913e+07   2.7704e+07   2.7854e+07   7.6786e+05
  1.8682e+01   1.8844e+01   2.9348e+00   2.8054e-02   6.6066e-03   4.1976e+07   4.0175e+07   4.0512e+07   1.1148e+06
  2.2758e+01   2.2957e+01   3.1322e+00   2.6985e-02   5.7988e-03   6.0748e+07   5.8570e+07   5.8868e+07   1.6140e+06
  2.7724e+01   2.7972e+01   3.3297e+00   2.3261e-02   6.5390e-03   8.7611e+07   8.4222e+07   8.4937e+07   2.3257e+06
  3.3773e+01   3.4073e+01   3.5271e+00   2.2792e-02   5.4541e-03   1.2554e+08   1.2162e+08   1.2219e+08   3.3321e+06
  4.1142e+01   4.1504e+01   3.7243e+00   2.0191e-02   5.7173e-03   1.7834e+08   1.7247e+08   1.7366e+08   4.7345e+06
  5.0119e+01   5.0556e+01   3.9216e+00   2.0239e-02   5.1267e-03   2.5013e+08   2.4251e+08   2.4386e+08   6.6385e+06
  6.1054e+01   6.1575e+01   4.1188e+00   1.8193e-02   4.8236e-03   3.4539e+08   3.3468e+08   3.3699e+08   9.1672e+06
  7.4375e+01   7.4992e+01   4.3159e+00   1.5170e-02   4.8779e-03   4.6908e+08   4.5550e+08   4.5883e+08   1.2449e+07
  9.0603e+01   9.1315e+01   4.5129e+00   1.3823e-02   3.7235e-03   6.1787e+08   6.0222e+08   6.0589e+08   1.6412e+07
