## {'tot': 3887146402.556344, 'coords': 'spherical', 'metric': 'Euclidean', 'sep_units': 'arcmin', 'bin_type': 'Log'}
#   r_nom       meanr       meanlogr        xi        sigma_xi        DD           RR           DR         npairs   
  1.4125e-01   1.5110e-01  -1.9060e+00   2.3493e+00   7.1067e-01   2.3853e+03   7.1358e+02   7.1127e+02   5.6000e+01
  2.8184e-01   2.9332e-01  -1.2445e+00   1.5864e+00   1.6670e-01   7.0901e+03   2.7456e+03   2.7400e+03   1.7300e+02
  5.6234e-01   6.1128e-01  -5.0997e-01   1.1584e+00   1.1042e-01   2.2812e+04   1.0600e+04   1.0566e+04   5.6400e+02
  1.1220e+00   1.2105e+00   1.7398e-01   6.7824e-01   5.1155e-02   6.8887e+04   4.1191e+04   4.1070e+04   1.7430e+03
  2.2387e+00   2.4395e+00   8.7449e-01   3.0770e-01   4.3440e-02   2.0746e+05   1.5936e+05   1.5889e+05   5.3500e+03
  4.4668e+00   4.8806e+00   1.5690e+00   1.9024e-01   2.0235e-02   7.2639e+05   6.1233e+05   6.1112e+05   1.8774e+04
  8.9125e+00   9.7477e+00   2.2612e+00   1.1193e-01   1.4263e-02   2.5851e+06   2.3350e+06   2.3294e+06   6.7136e+04
  1.7783e+01   1.9456e+01   2.9524e+00   6.6409e-02   1.4509e-02   9.3092e+06   8.7657e+06   8.7464e+06   2.4211e+05
  3.5481e+01   3.8680e+01   3.6392e+00   4.0120e-02   1.2505e-02   3.2332e+07   3.1379e+07   3.1226e+07   8.4092e+05
  7.0795e+01   7.6487e+01   4.3200e+00   1.6504e-02   1.1017e-02   9.8511e+07   9.7627e+07   9.7263e+07   2.5555e+06
