## {'tot': 56844788.865674555, 'coords': 'spherical', 'metric': 'Euclidean', 'sep_units': 'arcmin', 'bin_type': 'Log'}
#   r_nom       meanr       meanlogr        xi        sigma_xi        DD           RR           DR         npairs   
  1.4125e-01   1.4125e-01  -1.9572e+00  -1.0048e+00   2.1626e-02   0.0000e+00   1.0435e+01   1.0460e+01   0.0000e+00
  2.8184e-01   3.1315e-01  -1.1726e+00   4.1461e+00   3.5762e+00   2.0644e+02   4.0151e+01   4.0060e+01   5.0000e+00
  5.6234e-01   6.5641e-01  -4.3331e-01   2.7828e+00   2.4579e+00   5.8778e+02   1.5502e+02   1.5571e+02   1.4000e+01
  1.1220e+00   1.2653e+00   2.1897e-01   1.2426e+00   1.3173e+00   1.3614e+03   6.0237e+02   6.0764e+02   3.2000e+01
  2.2387e+00   2.3537e+00   8.4060e-01   9.3839e-01   6.4852e-01   4.5348e+03   2.3305e+03   2.3392e+03   9.4000e+01
  4.4668e+00   4.8313e+00   1.5574e+00   2.3258e-01   1.1192e-01   1.1149e+04   8.9547e+03   9.0106e+03   2.2700e+02
  8.9125e+00   9.6699e+00   2.2516e+00   4.3779e-02   4.0539e-02   3.6179e+04   3.4147e+04   3.4416e+04   7.2800e+02
  1.7783e+01   1.9311e+01   2.9445e+00   1.9658e-02   2.8049e-02   1.3384e+05   1.2819e+05   1.2976e+05   2.7210e+03
  3.5481e+01   3.8496e+01   3.6344e+00   5.0126e-03   2.6010e-02   4.7489e+05   4.5887e+05   4.6573e+05   9.6960e+03
  7.0795e+01   7.6542e+01   4.3203e+00   7.0806e-04   1.1691e-02   1.4609e+06   1.4277e+06   1.4438e+06   2.9702e+04
