## {'tot': 290153.9426540632, 'coords': 'spherical', 'metric': 'Euclidean', 'sep_units': 'arcmin', 'bin_type': 'Log'}
#   r_nom       meanr       meanlogr        xi        sigma_xi        DD           RR           DR         npairs   
  1.4125e-01   1.4125e-01  -1.9572e+00  -1.0187e+00   5.9568e-02   0.0000e+00   5.3265e-02   5.3763e-02   0.0000e+00
  2.8184e-01   2.8184e-01  -1.2664e+00  -9.2360e-01   3.7593e-02   0.0000e+00   2.0495e-01   1.9712e-01   0.0000e+00
  5.6234e-01   4.5892e-01  -7.7887e-01   6.4199e+01   6.7417e+01   5.1595e+01   7.9125e-01   7.9432e-01   1.0000e+00
  1.1220e+00   1.1220e+00   1.1513e-01  -1.0060e+00   3.6300e-02   0.0000e+00   3.0747e+00   3.0839e+00   0.0000e+00
  2.2387e+00   2.2387e+00   8.0590e-01  -9.9744e-01   2.8185e-02   0.0000e+00   1.1896e+01   1.1880e+01   0.0000e+00
  4.4668e+00   6.0132e+00   1.7940e+00  -4.7323e-01   5.4906e-01   2.3605e+01   4.5707e+01   4.5471e+01   1.0000e+00
  8.9125e+00   9.1333e+00   2.1722e+00  -3.7348e-01   4.2522e-01   1.0586e+02   1.7430e+02   1.7263e+02   2.0000e+00
  1.7783e+01   2.1202e+01   3.0400e+00  -1.9447e-01   2.0924e-01   5.0480e+02   6.5431e+02   6.4318e+02   1.0000e+01
  3.5481e+01   3.8444e+01   3.6295e+00  -7.8976e-02   1.1725e-01   1.9917e+03   2.3422e+03   2.2594e+03   3.9000e+01
  7.0795e+01   7.4576e+01   4.2931e+00   3.1190e-02   7.8318e-02   6.9798e+03   7.2873e+03   7.0199e+03   1.4800e+02
