## {'tot': 43684026.27158547, 'coords': 'spherical', 'metric': 'Euclidean', 'sep_units': 'arcmin', 'bin_type': 'Log'}
#   r_nom       meanr       meanlogr        xi        sigma_xi        DD           RR           DR         npairs   
  1.4125e-01   1.9060e-01  -1.6576e+00   2.2492e+00   3.2720e+00   2.5685e+01   8.0193e+00   7.8335e+00   1.0000e+00
  2.8184e-01   2.8184e-01  -1.2664e+00  -1.0002e+00   1.1617e-02   0.0000e+00   3.0856e+01   3.0858e+01   0.0000e+00
  5.6234e-01   6.7491e-01  -4.0274e-01  -2.2126e-01   5.7678e-01   9.1923e+01   1.1913e+02   1.1870e+02   2.0000e+00
  1.1220e+00   1.1967e+00   1.5335e-01   3.5779e-01   3.6794e-01   6.3629e+02   4.6291e+02   4.6679e+02   1.1000e+01
  2.2387e+00   2.4606e+00   8.8419e-01   1.4465e-01   2.0539e-01   2.0690e+03   1.7910e+03   1.8005e+03   3.8000e+01
  4.4668e+00   4.8735e+00   1.5621e+00  -1.0721e-01   9.1461e-02   6.1821e+03   6.8815e+03   6.9006e+03   1.1500e+02
  8.9125e+00   9.5671e+00   2.2406e+00   1.8443e-02   4.1221e-02   2.7198e+04   2.6241e+04   2.6478e+04   5.3800e+02
  1.7783e+01   1.9460e+01   2.9530e+00  -5.1512e-03   2.4860e-02   1.0040e+05   9.8509e+04   9.9707e+04   1.9230e+03
  3.5481e+01   3.8573e+01   3.6361e+00  -1.3605e-02   1.1663e-02   3.5631e+05   3.5263e+05   3.5687e+05   6.9080e+03
  7.0795e+01   7.6371e+01   4.3183e+00  -6.6314e-04   7.3246e-03   1.1279e+06   1.0971e+06   1.1129e+06   2.1724e+04
