## {'tot': 2484039.0682107927, 'coords': 'spherical', 'metric': 'Euclidean', 'sep_units': 'arcmin', 'bin_type': 'Log'}
#   r_nom       meanr       meanlogr        xi        sigma_xi        DD           RR           DR         npairs   
  1.4125e-01   1.4125e-01  -1.9572e+00  -9.6233e-01   2.8482e-02   0.0000e+00   4.5601e-01   4.4742e-01   0.0000e+00
  2.8184e-01   2.8184e-01  -1.2664e+00  -9.9203e-01   2.5175e-02   0.0000e+00   1.7546e+00   1.7476e+00   0.0000e+00
  5.6234e-01   5.1513e-01  -6.6334e-01   5.7671e+00   7.0002e+00   4.5967e+01   6.7740e+00   6.8375e+00   1.0000e+00
  1.1220e+00   1.2607e+00   1.9642e-01   1.5254e+00   1.7994e+00   6.7060e+01   2.6323e+01   2.6615e+01   2.0000e+00
  2.2387e+00   2.6133e+00   9.5321e-01   1.7476e+00   8.3627e-01   2.8011e+02   1.0184e+02   1.0199e+02   8.0000e+00
  4.4668e+00   5.2112e+00   1.6431e+00   7.6699e-01   3.3746e-01   6.8250e+02   3.9131e+02   3.8684e+02   1.9000e+01
  8.9125e+00   9.8205e+00   2.2700e+00   3.3687e-01   3.8603e-01   1.9881e+03   1.4922e+03   1.4888e+03   5.8000e+01
  1.7783e+01   1.9561e+01   2.9586e+00   3.9023e-01   1.2194e-01   7.8500e+03   5.6016e+03   5.6328e+03   2.2700e+02
  3.5481e+01   3.8210e+01   3.6254e+00   1.3069e-01   8.4781e-02   2.3038e+04   2.0052e+04   2.0235e+04   6.7200e+02
  7.0795e+01   7.6510e+01   4.3193e+00   1.3112e-01   8.5645e-02   7.3066e+04   6.2388e+04   6.3636e+04   2.1220e+03
