## {'tot': 60664488968.60533, 'coords': 'spherical', 'metric': 'Euclidean', 'sep_units': 'arcmin', 'bin_type': 'Log'}
#   r_nom       meanr       meanlogr        xi        sigma_xi        DD           RR           DR         npairs   
  1.4125e-01   1.5135e-01  -1.9062e+00   7.6595e-01   9.7933e-02   1.9597e+04   1.1136e+04   1.1102e+04   5.1000e+02
  2.8184e-01   3.0667e-01  -1.1999e+00   2.9470e-01   2.4777e-02   5.5438e+04   4.2849e+04   4.2830e+04   1.4790e+03
  5.6234e-01   6.1394e-01  -5.0488e-01   1.7057e-01   2.4641e-02   1.9507e+05   1.6543e+05   1.6614e+05   5.2090e+03
  1.1220e+00   1.2262e+00   1.8729e-01   1.1268e-01   1.5242e-02   7.2420e+05   6.4285e+05   6.4731e+05   1.9289e+04
  2.2387e+00   2.4512e+00   8.8061e-01   8.6672e-02   9.4153e-03   2.7198e+06   2.4871e+06   2.4957e+06   7.2231e+04
  4.4668e+00   4.8909e+00   1.5717e+00   5.2910e-02   7.7226e-03   1.0141e+07   9.5564e+06   9.5958e+06   2.6937e+05
  8.9125e+00   9.7648e+00   2.2629e+00   4.2240e-02   7.0752e-03   3.8348e+07   3.6442e+07   3.6625e+07   1.0191e+06
  1.7783e+01   1.9469e+01   2.9529e+00   2.9571e-02   6.2140e-03   1.4262e+08   1.3680e+08   1.3769e+08   3.7884e+06
  3.5481e+01   3.8716e+01   3.6401e+00   2.1322e-02   5.4817e-03   5.0632e+08   4.8971e+08   4.9280e+08   1.3440e+07
  7.0795e+01   7.6501e+01   4.3202e+00   1.5640e-02   4.2764e-03   1.5683e+09   1.5236e+09   1.5340e+09   4.1636e+07
