#         patch                     x                        y                        z            
  0.0000000000000000e+00  -3.9923892577549658e-01  -6.1814524766662982e-01   6.7712977554733800e-01
  1.0000000000000000e+00  -3.9069106941701653e-01  -6.1800665671507315e-01   6.8222302843985383e-01
  2.0000000000000000e+00  -3.9370943797989333e-01  -6.1212211697735619e-01   6.8578377959289483e-01
  3.0000000000000000e+00  -3.8398278751194226e-01  -6.1009583261530276e-01   6.9306586549908733e-01
  4.0000000000000000e+00  -3.7398726362059387e-01  -6.3332585425937604e-01   6.7751892148943837e-01
  5.0000000000000000e+00  -3.6486624709578741e-01  -6.2993484599569971e-01   6.8560536136367101e-01
  6.0000000000000000e+00  -3.6547244211205465e-01  -6.2100624329995036e-01   6.9338383298079143e-01
  7.0000000000000000e+00  -3.7459671160420716e-01  -6.1432740004294561e-01   6.9446320940118123e-01
  8.0000000000000000e+00  -3.6194823124424502e-01  -6.4001027311105751e-01   6.7777601625571848e-01
  9.0000000000000000e+00  -3.4908215171703461e-01  -6.4582076066364358e-01   6.7901192658777210e-01
  1.0000000000000000e+01  -3.3961477192955952e-01  -6.5147589066527289e-01   6.7841062091415016e-01
  1.1000000000000000e+01  -3.4092261909260624e-01  -6.4205133078119048e-01   6.8668905367214073e-01
  1.2000000000000000e+01  -3.5486692052486196e-01  -6.2688474806139749e-01   6.9360289890195770e-01
  1.3000000000000000e+01  -3.5233176481453293e-01  -6.3591421660863467e-01   6.8664068960243185e-01
  1.4000000000000000e+01  -3.4389986337642031e-01  -6.3149936498973380e-01   6.9493987940486068e-01
  1.5000000000000000e+01  -3.2655854737908530e-01  -6.5756240547807276e-01   6.7894859749140990e-01
  1.6000000000000000e+01  -3.1555009431634978e-01  -6.6385060211767632e-01   6.7803430300018097e-01
  1.7000000000000000e+01  -3.1666238848444644e-01  -6.5524954007658620e-01   6.8583742384675062e-01
  1.8000000000000000e+01  -3.2899434143281370e-01  -6.4804378887327041e-01   6.8687842520198961e-01
  1.9000000000000000e+01  -3.3568312233405506e-01  -6.3658576959172020e-01   6.9431649795563477e-01
  2.0000000000000000e+01  -3.2525668860304152e-01  -6.4128485356278642e-01   6.9495454751367725e-01
  2.1000000000000000e+01  -3.1793177662770916e-01  -6.4639092882160809e-01   6.9361239359420845e-01
  2.2000000000000000e+01  -3.0333865134676424e-01  -6.6809011748582470e-01   6.7944187206625939e-01
  2.3000000000000000e+01  -3.0395521473793380e-01  -6.6038261633584483e-01   6.8666296497993917e-01
  2.4000000000000000e+01  -3.0950412502454505e-01  -6.5076224785183212e-01   6.9333663783448041e-01
  2.5000000000000000e+01  -3.0084152303147194e-01  -6.5304313140082682e-01   6.9500291118117408e-01
  2.6000000000000000e+01  -2.9062206952037634e-01  -6.6736536868005580e-01   6.8568380277955143e-01
  2.7000000000000000e+01  -2.7690023287802956e-01  -6.7452957925076462e-01   6.8435086596560946e-01
  2.8000000000000000e+01  -2.9177460445767583e-01  -6.5868188567030372e-01   6.9354578340826190e-01
  2.9000000000000000e+01  -2.8120224496968721e-01  -6.6314987257870983e-01   6.9365520535987402e-01
