## {'tot': 1323915945.7422364, 'coords': 'spherical', 'metric': 'Euclidean', 'sep_units': 'arcmin', 'bin_type': 'Log'}
#   r_nom       meanr       meanlogr        xi        sigma_xi        DD           RR           DR         npairs   
  1.1037e-01   1.1175e-01  -2.1915e+00   3.8923e-01   1.4266e+00   5.6142e+01   4.0018e+01   4.0292e+01   1.0000e+00
  1.3445e-01   1.3776e-01  -1.9822e+00  -5.2767e-01   4.8275e-01   2.7179e+01   5.8407e+01   5.8203e+01   1.0000e+00
  1.6379e-01   1.6390e-01  -1.8108e+00   2.1168e-01   6.7398e-01   1.0645e+02   8.6131e+01   8.7172e+01   3.0000e+00
  1.9953e-01   2.0548e-01  -1.5837e+00   8.3799e-01   5.7702e-01   2.3315e+02   1.2690e+02   1.2686e+02   8.0000e+00
  2.4306e-01   2.4581e-01  -1.4047e+00   1.2235e+00   7.2259e-01   4.1475e+02   1.8672e+02   1.8651e+02   1.3000e+01
  2.9609e-01   3.0015e-01  -1.2043e+00   1.3927e+00   4.0760e-01   6.5506e+02   2.7440e+02   2.7366e+02   1.8000e+01
  3.6070e-01   3.6154e-01  -1.0190e+00   9.4245e-01   5.0239e-01   7.8632e+02   4.0295e+02   4.0475e+02   2.1000e+01
  4.3940e-01   4.4619e-01  -8.0863e-01   1.0502e+00   3.2742e-01   1.2118e+03   5.9233e+02   5.9105e+02   3.6000e+01
  5.3527e-01   5.4217e-01  -6.1369e-01   1.1535e+00   3.1770e-01   1.8832e+03   8.7214e+02   8.7468e+02   5.7000e+01
  6.5206e-01   6.4615e-01  -4.3856e-01   6.7607e-01   2.6930e-01   2.1566e+03   1.2853e+03   1.2865e+03   6.5000e+01
  7.9433e-01   7.9955e-01  -2.2503e-01   9.3067e-01   1.6626e-01   3.6763e+03   1.8955e+03   1.9038e+03   1.1200e+02
  9.6764e-01   9.7689e-01  -2.5047e-02   7.1569e-01   1.8112e-01   4.8265e+03   2.7955e+03   2.8106e+03   1.4400e+02
  1.1788e+00   1.1883e+00   1.7093e-01   6.6057e-01   1.1799e-01   6.8715e+03   4.1195e+03   4.1349e+03   2.0400e+02
  1.4360e+00   1.4538e+00   3.7247e-01   5.1293e-01   9.2542e-02   9.2861e+03   6.0664e+03   6.1204e+03   2.8000e+02
  1.7493e+00   1.7703e+00   5.6958e-01   3.5626e-01   9.5809e-02   1.2182e+04   8.9401e+03   8.9683e+03   3.6800e+02
  2.1309e+00   2.1573e+00   7.6744e-01   4.8438e-01   8.7832e-02   1.9697e+04   1.3154e+04   1.3240e+04   5.9700e+02
  2.5959e+00   2.6216e+00   9.6220e-01   3.6977e-01   6.4743e-02   2.6781e+04   1.9325e+04   1.9480e+04   8.1700e+02
  3.1623e+00   3.1927e+00   1.1593e+00   4.0731e-01   5.2679e-02   4.0418e+04   2.8422e+04   2.8632e+04   1.2350e+03
  3.8522e+00   3.8839e+00   1.3552e+00   3.3307e-01   6.5548e-02   5.6373e+04   4.1708e+04   4.2095e+04   1.7170e+03
  4.6928e+00   4.7317e+00   1.5527e+00   3.0437e-01   5.6792e-02   8.0929e+04   6.1343e+04   6.1800e+04   2.4520e+03
  5.7167e+00   5.7556e+00   1.7487e+00   2.9296e-01   5.2437e-02   1.1790e+05   8.9869e+04   9.0721e+04   3.5890e+03
  6.9640e+00   7.0182e+00   1.9470e+00   2.2698e-01   4.6891e-02   1.6378e+05   1.3177e+05   1.3282e+05   5.0060e+03
  8.4834e+00   8.5354e+00   2.1427e+00   2.0733e-01   4.8099e-02   2.3694e+05   1.9289e+05   1.9492e+05   7.2220e+03
  1.0334e+01   1.0422e+01   2.3424e+00   1.9552e-01   4.0316e-02   3.4508e+05   2.8302e+05   2.8638e+05   1.0542e+04
  1.2589e+01   1.2688e+01   2.5392e+00   1.7626e-01   4.7094e-02   4.9764e+05   4.1313e+05   4.1898e+05   1.5308e+04
  1.5336e+01   1.5445e+01   2.7358e+00   1.5917e-01   4.6168e-02   7.1805e+05   6.0461e+05   6.1321e+05   2.2016e+04
  1.8682e+01   1.8833e+01   2.9341e+00   1.5162e-01   4.7188e-02   1.0347e+06   8.7675e+05   8.8924e+05   3.1813e+04
  2.2758e+01   2.2944e+01   3.1316e+00   1.3965e-01   4.4297e-02   1.4927e+06   1.2782e+06   1.2962e+06   4.5948e+04
  2.7724e+01   2.7972e+01   3.3297e+00   1.3963e-01   4.3835e-02   2.1638e+06   1.8380e+06   1.8726e+06   6.6496e+04
  3.3773e+01   3.4055e+01   3.5265e+00   1.3279e-01   3.9971e-02   3.1077e+06   2.6541e+06   2.7047e+06   9.5382e+04
  4.1142e+01   4.1483e+01   3.7238e+00   1.2109e-01   4.1298e-02   4.3768e+06   3.7639e+06   3.8425e+06   1.3441e+05
  5.0119e+01   5.0534e+01   3.9212e+00   1.0482e-01   3.8141e-02   6.0927e+06   5.2925e+06   5.4152e+06   1.8677e+05
  6.1054e+01   6.1556e+01   4.1185e+00   1.0450e-01   3.9532e-02   8.4280e+06   7.3040e+06   7.4844e+06   2.5842e+05
  7.4375e+01   7.4932e+01   4.3151e+00   8.4683e-02   3.6103e-02   1.1353e+07   9.9405e+06   1.0226e+07   3.4814e+05
  9.0603e+01   9.1249e+01   4.5121e+00   7.6783e-02   3.4383e-02   1.4845e+07   1.3143e+07   1.3489e+07   4.5484e+05
