## {'tot': 85535945132539.94, 'coords': 'spherical', 'metric': 'Euclidean', 'sep_units': 'arcmin', 'bin_type': 'Log'}
#   r_nom       meanr       meanlogr        xi        sigma_xi        DD           RR           DR         npairs   
  1.1037e-01   1.1120e-01  -2.1980e+00   1.9036e-01   4.1167e-03   3.0625e+06   2.5855e+06   2.5779e+06   7.2153e+04
  1.3445e-01   1.3546e-01  -2.0007e+00   1.7458e-01   4.8115e-03   4.4263e+06   3.7736e+06   3.7705e+06   1.0430e+05
  1.6379e-01   1.6502e-01  -1.8033e+00   1.4235e-01   3.8865e-03   6.3495e+06   5.5648e+06   5.5611e+06   1.4984e+05
  1.9953e-01   2.0108e-01  -1.6056e+00   1.2375e-01   2.9962e-03   9.1925e+06   8.1989e+06   8.1884e+06   2.1701e+05
  2.4306e-01   2.4493e-01  -1.4084e+00   1.0757e-01   3.5328e-03   1.3346e+07   1.2064e+07   1.2056e+07   3.1537e+05
  2.9609e-01   2.9841e-01  -1.2108e+00   9.0163e-02   2.5187e-03   1.9311e+07   1.7729e+07   1.7721e+07   4.5669e+05
  3.6070e-01   3.6352e-01  -1.0134e+00   8.0880e-02   1.8426e-03   2.8148e+07   2.6034e+07   2.6038e+07   6.6549e+05
  4.3940e-01   4.4290e-01  -8.1594e-01   6.5640e-02   1.5976e-03   4.0837e+07   3.8269e+07   3.8297e+07   9.6631e+05
  5.3527e-01   5.3956e-01  -6.1852e-01   5.7115e-02   1.6975e-03   5.9701e+07   5.6348e+07   5.6415e+07   1.4136e+06
  6.5206e-01   6.5741e-01  -4.2095e-01   5.0141e-02   1.2510e-03   8.7437e+07   8.3044e+07   8.3158e+07   2.0702e+06
  7.9433e-01   8.0092e-01  -2.2349e-01   4.3588e-02   1.5567e-03   1.2822e+08   1.2246e+08   1.2268e+08   3.0368e+06
  9.6764e-01   9.7582e-01  -2.5963e-02   3.7231e-02   1.4958e-03   1.8811e+08   1.8061e+08   1.8100e+08   4.4571e+06
  1.1788e+00   1.1888e+00   1.7147e-01   3.2790e-02   1.2739e-03   2.7588e+08   2.6616e+08   2.6666e+08   6.5382e+06
  1.4360e+00   1.4483e+00   3.6892e-01   2.7094e-02   1.2750e-03   4.0446e+08   3.9194e+08   3.9289e+08   9.5851e+06
  1.7493e+00   1.7644e+00   5.6635e-01   2.4752e-02   1.1897e-03   5.9322e+08   5.7760e+08   5.7826e+08   1.4060e+07
  2.1309e+00   2.1496e+00   7.6380e-01   2.1168e-02   1.3000e-03   8.6995e+08   8.4988e+08   8.5092e+08   2.0617e+07
  2.5959e+00   2.6189e+00   9.6129e-01   1.7932e-02   1.1709e-03   1.2762e+09   1.2486e+09   1.2512e+09   3.0240e+07
  3.1623e+00   3.1905e+00   1.1587e+00   1.7679e-02   1.3100e-03   1.8702e+09   1.8363e+09   1.8370e+09   4.4307e+07
  3.8522e+00   3.8869e+00   1.3562e+00   1.3706e-02   1.1376e-03   2.7424e+09   2.6947e+09   2.7001e+09   6.4966e+07
  4.6928e+00   4.7354e+00   1.5536e+00   1.4607e-02   1.1235e-03   4.0206e+09   3.9633e+09   3.9630e+09   9.5240e+07
  5.7167e+00   5.7693e+00   1.7511e+00   1.1565e-02   1.0935e-03   5.8946e+09   5.8063e+09   5.8169e+09   1.3961e+08
  6.9640e+00   7.0289e+00   1.9486e+00   1.2164e-02   1.2573e-03   8.6283e+09   8.5131e+09   8.5189e+09   2.0432e+08
  8.4834e+00   8.5629e+00   2.1460e+00   7.4662e-03   1.1076e-03   1.2621e+10   1.2463e+10   1.2495e+10   2.9886e+08
  1.0334e+01   1.0432e+01   2.3434e+00   1.1285e-02   1.1685e-03   1.8477e+10   1.8285e+10   1.8278e+10   4.3751e+08
  1.2589e+01   1.2710e+01   2.5409e+00   6.2366e-03   1.1185e-03   2.7024e+10   2.6691e+10   2.6774e+10   6.3986e+08
  1.5336e+01   1.5482e+01   2.7382e+00   8.2414e-03   1.2386e-03   3.9370e+10   3.9063e+10   3.9055e+10   9.3225e+08
  1.8682e+01   1.8862e+01   2.9357e+00   3.5734e-03   8.1958e-04   5.7350e+10   5.6646e+10   5.6897e+10   1.3580e+09
  2.2758e+01   2.2978e+01   3.1331e+00   6.4590e-03   1.0006e-03   8.3012e+10   8.2583e+10   8.2530e+10   1.9653e+09
  2.7724e+01   2.7989e+01   3.3304e+00   3.2291e-03   1.1363e-03   1.2002e+11   1.1875e+11   1.1920e+11   2.8407e+09
  3.3773e+01   3.4093e+01   3.5277e+00   4.4531e-03   9.6686e-04   1.7229e+11   1.7148e+11   1.7150e+11   4.0764e+09
  4.1142e+01   4.1528e+01   3.7249e+00   3.5531e-03   7.7037e-04   2.4538e+11   2.4318e+11   2.4385e+11   5.8052e+09
  5.0119e+01   5.0574e+01   3.9220e+00   3.2476e-03   9.3691e-04   3.4325e+11   3.4194e+11   3.4204e+11   8.1227e+09
  6.1054e+01   6.1599e+01   4.1192e+00   3.4030e-03   1.1017e-03   4.7545e+11   4.7190e+11   4.7287e+11   1.1252e+10
  7.4375e+01   7.5011e+01   4.3162e+00   1.0375e-03   7.1146e-04   6.4405e+11   6.4224e+11   6.4281e+11   1.5244e+10
  9.0603e+01   9.1331e+01   4.5130e+00   4.8864e-04   6.7036e-04   8.5089e+11   8.4912e+11   8.4980e+11   2.0161e+10
