## {'tot': 22102663601316.83, 'coords': 'spherical', 'metric': 'Euclidean', 'sep_units': 'arcmin', 'bin_type': 'Log'}
#   r_nom       meanr       meanlogr        xi        sigma_xi        DD           RR           DR         npairs   
  1.1037e-01   1.1119e-01  -2.1981e+00   3.2931e-01   1.3928e-02   8.8305e+05   6.6810e+05   6.6557e+05   1.7912e+04
  1.3445e-01   1.3545e-01  -2.0008e+00   2.7938e-01   1.0336e-02   1.2466e+06   9.7510e+05   9.7466e+05   2.5387e+04
  1.6379e-01   1.6500e-01  -1.8034e+00   2.5617e-01   6.9651e-03   1.8006e+06   1.4380e+06   1.4351e+06   3.6711e+04
  1.9953e-01   2.0101e-01  -1.6060e+00   2.1090e-01   8.0558e-03   2.5585e+06   2.1186e+06   2.1151e+06   5.2463e+04
  2.4306e-01   2.4492e-01  -1.4084e+00   1.8289e-01   8.5446e-03   3.6820e+06   3.1172e+06   3.1146e+06   7.5362e+04
  2.9609e-01   2.9835e-01  -1.2111e+00   1.5283e-01   4.3652e-03   5.2754e+06   4.5811e+06   4.5782e+06   1.0818e+05
  3.6070e-01   3.6344e-01  -1.0137e+00   1.3229e-01   5.2417e-03   7.5985e+06   6.7273e+06   6.7179e+06   1.5590e+05
  4.3940e-01   4.4276e-01  -8.1628e-01   1.0964e-01   4.0698e-03   1.0971e+07   9.8889e+06   9.8878e+06   2.2575e+05
  5.3527e-01   5.3943e-01  -6.1878e-01   9.8997e-02   2.9640e-03   1.5994e+07   1.4560e+07   1.4556e+07   3.2923e+05
  6.5206e-01   6.5726e-01  -4.2121e-01   8.0329e-02   3.4581e-03   2.3213e+07   2.1459e+07   2.1474e+07   4.7889e+05
  7.9433e-01   8.0065e-01  -2.2385e-01   7.0792e-02   2.6420e-03   3.3944e+07   3.1645e+07   3.1674e+07   7.0052e+05
  9.6764e-01   9.7558e-01  -2.6227e-02   5.9526e-02   2.2514e-03   4.9558e+07   4.6671e+07   4.6726e+07   1.0236e+06
  1.1788e+00   1.1884e+00   1.7113e-01   5.0693e-02   2.2111e-03   7.2397e+07   6.8775e+07   6.8843e+07   1.4971e+06
  1.4360e+00   1.4479e+00   3.6865e-01   4.3663e-02   2.5885e-03   1.0607e+08   1.0128e+08   1.0146e+08   2.1950e+06
  1.7493e+00   1.7641e+00   5.6614e-01   3.8363e-02   2.3257e-03   1.5507e+08   1.4925e+08   1.4930e+08   3.2105e+06
  2.1309e+00   2.1492e+00   7.6361e-01   3.2047e-02   2.6946e-03   2.2698e+08   2.1961e+08   2.1977e+08   4.7028e+06
  2.5959e+00   2.6183e+00   9.6104e-01   2.6588e-02   1.9754e-03   3.3230e+08   3.2263e+08   3.2318e+08   6.8856e+06
  3.1623e+00   3.1898e+00   1.1585e+00   2.5700e-02   1.8284e-03   4.8663e+08   4.7451e+08   4.7447e+08   1.0085e+07
  3.8522e+00   3.8863e+00   1.3560e+00   1.8988e-02   2.3661e-03   7.1182e+08   6.9631e+08   6.9746e+08   1.4754e+07
  4.6928e+00   4.7344e+00   1.5534e+00   2.0286e-02   1.9137e-03   1.0435e+09   1.0241e+09   1.0234e+09   2.1636e+07
  5.7167e+00   5.7681e+00   1.7509e+00   1.4869e-02   2.1261e-03   1.5262e+09   1.5004e+09   1.5021e+09   3.1648e+07
  6.9640e+00   7.0269e+00   1.9483e+00   1.4898e-02   1.7208e-03   2.2313e+09   2.1998e+09   2.1992e+09   4.6270e+07
  8.4834e+00   8.5615e+00   2.1458e+00   1.1660e-02   1.8004e-03   3.2655e+09   3.2203e+09   3.2242e+09   6.7710e+07
  1.0334e+01   1.0431e+01   2.3433e+00   1.2488e-02   1.8404e-03   4.7772e+09   4.7249e+09   4.7216e+09   9.9055e+07
  1.2589e+01   1.2707e+01   2.5407e+00   7.7673e-03   2.0841e-03   6.9844e+09   6.8971e+09   6.9140e+09   1.4480e+08
  1.5336e+01   1.5480e+01   2.7381e+00   1.1670e-02   1.7758e-03   1.0191e+10   1.0094e+10   1.0083e+10   2.1126e+08
  1.8682e+01   1.8860e+01   2.9356e+00   2.6098e-03   1.9162e-03   1.4805e+10   1.4637e+10   1.4702e+10   3.0691e+08
  2.2758e+01   2.2974e+01   3.1329e+00   9.3661e-03   1.7289e-03   2.1447e+10   2.1339e+10   2.1293e+10   4.4452e+08
  2.7724e+01   2.7987e+01   3.3303e+00   2.8446e-03   2.1161e-03   3.1012e+10   3.0686e+10   3.0805e+10   6.4266e+08
  3.3773e+01   3.4090e+01   3.5276e+00   6.2963e-03   1.5132e-03   4.4484e+10   4.4310e+10   4.4258e+10   9.2155e+08
  4.1142e+01   4.1527e+01   3.7249e+00   3.3127e-03   1.8180e-03   6.3461e+10   6.2838e+10   6.3046e+10   1.3141e+09
  5.0119e+01   5.0574e+01   3.9220e+00   3.4602e-03   1.3004e-03   8.8762e+10   8.8357e+10   8.8407e+10   1.8376e+09
  6.1054e+01   6.1599e+01   4.1192e+00   2.6343e-03   1.8478e-03   1.2299e+11   1.2194e+11   1.2231e+11   2.5449e+09
  7.4375e+01   7.5011e+01   4.3162e+00   1.7747e-03   1.2034e-03   1.6704e+11   1.6596e+11   1.6635e+11   3.4535e+09
  9.0603e+01   9.1335e+01   4.5131e+00   9.4478e-04   1.4191e-03   2.2126e+11   2.1941e+11   2.2023e+11   4.5700e+09
