## {'tot': 71148592502.47615, 'coords': 'spherical', 'metric': 'Euclidean', 'sep_units': 'arcmin', 'bin_type': 'Log'}
#   r_nom       meanr       meanlogr        xi        sigma_xi        DD           RR           DR         npairs   
  1.1037e-01   1.1165e-01  -2.1943e+00   9.1008e-01   1.9955e-01   4.0911e+03   2.1506e+03   2.1423e+03   9.8000e+01
  1.3445e-01   1.3552e-01  -2.0004e+00   1.2067e+00   1.7797e-01   6.9046e+03   3.1388e+03   3.1279e+03   1.7500e+02
  1.6379e-01   1.6495e-01  -1.8037e+00   1.0584e+00   1.3564e-01   9.5287e+03   4.6288e+03   4.6291e+03   2.4100e+02
  1.9953e-01   2.0087e-01  -1.6067e+00   1.0211e+00   1.1750e-01   1.3743e+04   6.8198e+03   6.7993e+03   3.6000e+02
  2.4306e-01   2.4446e-01  -1.4104e+00   8.2684e-01   8.8058e-02   1.8270e+04   1.0034e+04   1.0004e+04   4.6900e+02
  2.9609e-01   2.9747e-01  -1.2140e+00   6.3238e-01   7.1531e-02   2.3933e+04   1.4747e+04   1.4677e+04   6.2800e+02
  3.6070e-01   3.6378e-01  -1.0127e+00   5.0936e-01   6.4464e-02   3.2630e+04   2.1655e+04   2.1627e+04   8.3400e+02
  4.3940e-01   4.4198e-01  -8.1814e-01   4.9825e-01   4.4491e-02   4.7539e+04   3.1832e+04   3.1756e+04   1.2480e+03
  5.3527e-01   5.3899e-01  -6.1963e-01   4.6075e-01   3.9029e-02   6.8110e+04   4.6870e+04   4.6692e+04   1.7590e+03
  6.5206e-01   6.5498e-01  -4.2474e-01   3.4936e-01   2.2464e-02   9.3019e+04   6.9076e+04   6.8981e+04   2.4250e+03
  7.9433e-01   7.9992e-01  -2.2483e-01   3.5391e-01   2.4816e-02   1.3767e+05   1.0187e+05   1.0174e+05   3.6020e+03
  9.6764e-01   9.7430e-01  -2.7640e-02   2.7990e-01   2.2319e-02   1.9198e+05   1.5024e+05   1.5008e+05   5.0040e+03
  1.1788e+00   1.1880e+00   1.7066e-01   2.6180e-01   1.9908e-02   2.7898e+05   2.2139e+05   2.2120e+05   7.3430e+03
  1.4360e+00   1.4476e+00   3.6837e-01   2.2811e-01   1.6492e-02   4.0103e+05   3.2601e+05   3.2634e+05   1.0560e+04
  1.7493e+00   1.7633e+00   5.6564e-01   1.9785e-01   1.2452e-02   5.7536e+05   4.8045e+05   4.8037e+05   1.5255e+04
  2.1309e+00   2.1492e+00   7.6357e-01   1.6411e-01   9.6507e-03   8.2453e+05   7.0692e+05   7.0772e+05   2.1913e+04
  2.5959e+00   2.6153e+00   9.5986e-01   1.3378e-01   8.7764e-03   1.1814e+06   1.0386e+06   1.0405e+06   3.1432e+04
  3.1623e+00   3.1873e+00   1.1577e+00   1.2013e-01   1.2529e-02   1.7123e+06   1.5275e+06   1.5281e+06   4.5686e+04
  3.8522e+00   3.8825e+00   1.3550e+00   1.0360e-01   9.8720e-03   2.4813e+06   2.2414e+06   2.2453e+06   6.6199e+04
  4.6928e+00   4.7298e+00   1.5524e+00   8.7937e-02   8.4793e-03   3.5912e+06   3.2966e+06   3.2990e+06   9.6104e+04
  5.7167e+00   5.7639e+00   1.7501e+00   6.7684e-02   7.3108e-03   5.1823e+06   4.8297e+06   4.8425e+06   1.3851e+05
  6.9640e+00   7.0226e+00   1.9477e+00   6.4940e-02   7.3157e-03   7.5552e+06   7.0812e+06   7.0883e+06   2.0224e+05
  8.4834e+00   8.5563e+00   2.1452e+00   5.0401e-02   5.7747e-03   1.0944e+07   1.0366e+07   1.0394e+07   2.9355e+05
  1.0334e+01   1.0422e+01   2.3425e+00   4.1776e-02   6.5539e-03   1.5893e+07   1.5210e+07   1.5234e+07   4.2636e+05
  1.2589e+01   1.2698e+01   2.5400e+00   3.3732e-02   4.2970e-03   2.3130e+07   2.2202e+07   2.2292e+07   6.2070e+05
  1.5336e+01   1.5471e+01   2.7375e+00   2.8863e-02   4.3253e-03   3.3572e+07   3.2492e+07   3.2563e+07   9.0081e+05
  1.8682e+01   1.8847e+01   2.9349e+00   2.6281e-02   2.9000e-03   4.8826e+07   4.7118e+07   4.7352e+07   1.3101e+06
  2.2758e+01   2.2960e+01   3.1323e+00   2.0289e-02   3.3295e-03   7.0425e+07   6.8692e+07   6.8861e+07   1.8899e+06
  2.7724e+01   2.7967e+01   3.3296e+00   1.6451e-02   2.6808e-03   1.0172e+08   9.8777e+07   9.9434e+07   2.7280e+06
  3.3773e+01   3.4070e+01   3.5270e+00   1.5202e-02   2.0260e-03   1.4584e+08   1.4263e+08   1.4315e+08   3.9097e+06
  4.1142e+01   4.1503e+01   3.7243e+00   1.0193e-02   2.3609e-03   2.0685e+08   2.0228e+08   2.0353e+08   5.5471e+06
  5.0119e+01   5.0554e+01   3.9216e+00   7.8730e-03   2.0932e-03   2.8955e+08   2.8442e+08   2.8587e+08   7.7635e+06
  6.1054e+01   6.1567e+01   4.1187e+00   5.9595e-03   1.6789e-03   4.0007e+08   3.9252e+08   3.9513e+08   1.0725e+07
  7.4375e+01   7.4988e+01   4.3159e+00   2.9022e-03   3.1484e-03   5.4387e+08   5.3421e+08   5.3827e+08   1.4569e+07
  9.0603e+01   9.1306e+01   4.5128e+00   2.9310e-03   2.2976e-03   7.1551e+08   7.0630e+08   7.0987e+08   1.9157e+07
