## {'tot': 4238801309328.9136, 'coords': 'spherical', 'metric': 'Euclidean', 'sep_units': 'arcmin', 'bin_type': 'Log'}
#   r_nom       meanr       meanlogr        xi        sigma_xi        DD           RR           DR         npairs   
  1.1037e-01   1.1125e-01  -2.1976e+00   4.9409e-01   2.3977e-02   1.9073e+05   1.2813e+05   1.2777e+05   3.9760e+03
  1.3445e-01   1.3534e-01  -2.0016e+00   4.4420e-01   2.7513e-02   2.7001e+05   1.8700e+05   1.8697e+05   5.6960e+03
  1.6379e-01   1.6493e-01  -1.8038e+00   4.2444e-01   1.5847e-02   3.9124e+05   2.7577e+05   2.7498e+05   8.2400e+03
  1.9953e-01   2.0101e-01  -1.6060e+00   3.6060e-01   1.5903e-02   5.5160e+05   4.0630e+05   4.0570e+05   1.1666e+04
  2.4306e-01   2.4481e-01  -1.4089e+00   3.0375e-01   1.1479e-02   7.7787e+05   5.9782e+05   5.9705e+05   1.6567e+04
  2.9609e-01   2.9825e-01  -1.2114e+00   2.5288e-01   1.1159e-02   1.0981e+06   8.7856e+05   8.7726e+05   2.3420e+04
  3.6070e-01   3.6347e-01  -1.0136e+00   2.1403e-01   7.6748e-03   1.5619e+06   1.2901e+06   1.2880e+06   3.3446e+04
  4.3940e-01   4.4268e-01  -8.1648e-01   1.9733e-01   6.4745e-03   2.2630e+06   1.8965e+06   1.8926e+06   4.8618e+04
  5.3527e-01   5.3941e-01  -6.1885e-01   1.6432e-01   8.9933e-03   3.2483e+06   2.7924e+06   2.7909e+06   6.9881e+04
  6.5206e-01   6.5710e-01  -4.2148e-01   1.5111e-01   5.1201e-03   4.7313e+06   4.1153e+06   4.1124e+06   1.0185e+05
  7.9433e-01   8.0069e-01  -2.2382e-01   1.1916e-01   4.9658e-03   6.7907e+06   6.0688e+06   6.0682e+06   1.4663e+05
  9.6764e-01   9.7520e-01  -2.6649e-02   9.7727e-02   5.3950e-03   9.8287e+06   8.9505e+06   8.9523e+06   2.1275e+05
  1.1788e+00   1.1881e+00   1.7083e-01   9.1425e-02   4.5522e-03   1.4402e+07   1.3190e+07   1.3193e+07   3.1243e+05
  1.4360e+00   1.4476e+00   3.6838e-01   7.9504e-02   4.4005e-03   2.1007e+07   1.9423e+07   1.9443e+07   4.5631e+05
  1.7493e+00   1.7637e+00   5.6591e-01   6.5580e-02   3.5204e-03   3.0490e+07   2.8623e+07   2.8618e+07   6.6290e+05
  2.1309e+00   2.1485e+00   7.6326e-01   5.6710e-02   3.8536e-03   4.4515e+07   4.2116e+07   4.2122e+07   9.6920e+05
  2.5959e+00   2.6177e+00   9.6080e-01   4.6806e-02   2.8908e-03   6.4907e+07   6.1874e+07   6.1942e+07   1.4145e+06
  3.1623e+00   3.1891e+00   1.1582e+00   4.3119e-02   3.0703e-03   9.4810e+07   9.1001e+07   9.0943e+07   2.0685e+06
  3.8522e+00   3.8855e+00   1.3558e+00   3.3244e-02   3.4520e-03   1.3816e+08   1.3354e+08   1.3363e+08   3.0168e+06
  4.6928e+00   4.7340e+00   1.5533e+00   3.0404e-02   2.4452e-03   2.0179e+08   1.9640e+08   1.9611e+08   4.4086e+06
  5.7167e+00   5.7666e+00   1.7506e+00   2.2577e-02   2.8309e-03   2.9460e+08   2.8774e+08   2.8792e+08   6.4379e+06
  6.9640e+00   7.0254e+00   1.9481e+00   2.2010e-02   2.3483e-03   4.3010e+08   4.2188e+08   4.2134e+08   9.4023e+06
  8.4834e+00   8.5592e+00   2.1455e+00   1.6804e-02   2.1335e-03   6.2854e+08   6.1759e+08   6.1787e+08   1.3744e+07
  1.0334e+01   1.0428e+01   2.3430e+00   1.7780e-02   2.0943e-03   9.1878e+08   9.0613e+08   9.0440e+08   2.0090e+07
  1.2589e+01   1.2705e+01   2.5405e+00   1.3586e-02   2.5067e-03   1.3441e+09   1.3227e+09   1.3244e+09   2.9392e+07
  1.5336e+01   1.5478e+01   2.7379e+00   1.3891e-02   2.2812e-03   1.9579e+09   1.9358e+09   1.9334e+09   4.2817e+07
  1.8682e+01   1.8855e+01   2.9353e+00   8.0227e-03   2.1714e-03   2.8435e+09   2.8071e+09   2.8140e+09   6.2178e+07
  2.2758e+01   2.2970e+01   3.1328e+00   1.3134e-02   2.2642e-03   4.1190e+09   4.0924e+09   4.0788e+09   9.0056e+07
  2.7724e+01   2.7982e+01   3.3301e+00   4.8699e-03   2.3337e-03   5.9388e+09   5.8848e+09   5.8975e+09   1.2983e+08
  3.3773e+01   3.4085e+01   3.5274e+00   1.0180e-02   1.9428e-03   8.5294e+09   8.4977e+09   8.4703e+09   1.8644e+08
  4.1142e+01   4.1521e+01   3.7248e+00   2.8616e-03   2.1766e-03   1.2121e+10   1.2051e+10   1.2069e+10   2.6491e+08
  5.0119e+01   5.0569e+01   3.9219e+00   6.4571e-03   1.5709e-03   1.6975e+10   1.6945e+10   1.6906e+10   3.7088e+08
  6.1054e+01   6.1595e+01   4.1191e+00   3.6986e-03   1.5111e-03   2.3498e+10   2.3385e+10   2.3398e+10   5.1316e+08
  7.4375e+01   7.4998e+01   4.3160e+00   2.5000e-03   1.1784e-03   3.1829e+10   3.1827e+10   3.1788e+10   6.9453e+08
  9.0603e+01   9.1328e+01   4.5130e+00   1.8121e-03   1.5606e-03   4.2205e+10   4.2079e+10   4.2104e+10   9.1980e+08
