## {'tot': 656153959010.1984, 'coords': 'spherical', 'metric': 'Euclidean', 'sep_units': 'arcmin', 'bin_type': 'Log'}
#   r_nom       meanr       meanlogr        xi        sigma_xi        DD           RR           DR         npairs   
  1.1037e-01   1.1133e-01  -2.1969e+00   7.5578e-01   7.4204e-02   3.4696e+04   1.9834e+04   1.9770e+04   7.7700e+02
  1.3445e-01   1.3547e-01  -2.0006e+00   7.4646e-01   7.6124e-02   5.0414e+04   2.8947e+04   2.8876e+04   1.1420e+03
  1.6379e-01   1.6477e-01  -1.8048e+00   6.9354e-01   3.4553e-02   7.2003e+04   4.2688e+04   4.2542e+04   1.6300e+03
  1.9953e-01   2.0076e-01  -1.6072e+00   6.0041e-01   2.7687e-02   1.0027e+05   6.2894e+04   6.2701e+04   2.2930e+03
  2.4306e-01   2.4475e-01  -1.4091e+00   5.1757e-01   3.0013e-02   1.3953e+05   9.2540e+04   9.2088e+04   3.2410e+03
  2.9609e-01   2.9876e-01  -1.2097e+00   4.3603e-01   2.5367e-02   1.9452e+05   1.3600e+05   1.3561e+05   4.4690e+03
  3.6070e-01   3.6377e-01  -1.0128e+00   3.6837e-01   3.0183e-02   2.7206e+05   1.9971e+05   1.9910e+05   6.3550e+03
  4.3940e-01   4.4297e-01  -8.1583e-01   3.1576e-01   1.5270e-02   3.8559e+05   2.9357e+05   2.9323e+05   8.9560e+03
  5.3527e-01   5.3867e-01  -6.2024e-01   2.6002e-01   1.2749e-02   5.4255e+05   4.3225e+05   4.3120e+05   1.2644e+04
  6.5206e-01   6.5691e-01  -4.2180e-01   2.4319e-01   1.1603e-02   7.9033e+05   6.3704e+05   6.3622e+05   1.8502e+04
  7.9433e-01   8.0032e-01  -2.2433e-01   2.1095e-01   8.6844e-03   1.1376e+06   9.3944e+05   9.3942e+05   2.6725e+04
  9.6764e-01   9.7516e-01  -2.6714e-02   1.8296e-01   9.1566e-03   1.6392e+06   1.3855e+06   1.3856e+06   3.8694e+04
  1.1788e+00   1.1881e+00   1.7084e-01   1.7016e-01   7.3830e-03   2.3900e+06   2.0417e+06   2.0421e+06   5.6318e+04
  1.4360e+00   1.4468e+00   3.6783e-01   1.3646e-01   4.9021e-03   3.4223e+06   3.0066e+06   3.0093e+06   8.0987e+04
  1.7493e+00   1.7629e+00   5.6542e-01   1.1676e-01   5.1625e-03   4.9434e+06   4.4308e+06   4.4285e+06   1.1713e+05
  2.1309e+00   2.1483e+00   7.6317e-01   1.0054e-01   4.9511e-03   7.1814e+06   6.5195e+06   6.5227e+06   1.7076e+05
  2.5959e+00   2.6172e+00   9.6060e-01   7.8786e-02   5.6329e-03   1.0359e+07   9.5779e+06   9.5910e+06   2.4658e+05
  3.1623e+00   3.1879e+00   1.1579e+00   6.9216e-02   4.2662e-03   1.5035e+07   1.4087e+07   1.4073e+07   3.5894e+05
  3.8522e+00   3.8839e+00   1.3554e+00   5.9199e-02   4.5380e-03   2.1931e+07   2.0671e+07   2.0689e+07   5.2406e+05
  4.6928e+00   4.7324e+00   1.5529e+00   5.0316e-02   3.8179e-03   3.1871e+07   3.0403e+07   3.0372e+07   7.6209e+05
  5.7167e+00   5.7659e+00   1.7505e+00   4.0543e-02   2.6594e-03   4.6413e+07   4.4541e+07   4.4574e+07   1.1108e+06
  6.9640e+00   7.0244e+00   1.9479e+00   3.4532e-02   2.7797e-03   6.7425e+07   6.5305e+07   6.5238e+07   1.6144e+06
  8.4834e+00   8.5571e+00   2.1453e+00   2.6698e-02   3.0385e-03   9.8292e+07   9.5601e+07   9.5671e+07   2.3545e+06
  1.0334e+01   1.0426e+01   2.3429e+00   2.4187e-02   2.2530e-03   1.4333e+08   1.4027e+08   1.4010e+08   3.4341e+06
  1.2589e+01   1.2702e+01   2.5403e+00   1.8976e-02   2.6560e-03   2.0938e+08   2.0475e+08   2.0512e+08   5.0157e+06
  1.5336e+01   1.5473e+01   2.7377e+00   1.7502e-02   2.0895e-03   3.0456e+08   2.9965e+08   2.9948e+08   7.2974e+06
  1.8682e+01   1.8851e+01   2.9351e+00   1.1260e-02   2.3069e-03   4.4240e+08   4.3453e+08   4.3602e+08   1.0603e+07
  2.2758e+01   2.2966e+01   3.1326e+00   1.4834e-02   1.7173e-03   6.4063e+08   6.3350e+08   6.3236e+08   1.5348e+07
  2.7724e+01   2.7977e+01   3.3299e+00   1.0132e-02   2.2593e-03   9.2484e+08   9.1096e+08   9.1328e+08   2.2154e+07
  3.3773e+01   3.4082e+01   3.5273e+00   1.1409e-02   1.6221e-03   1.3291e+09   1.3154e+09   1.3147e+09   3.1835e+07
  4.1142e+01   4.1513e+01   3.7246e+00   6.7223e-03   2.1177e-03   1.8859e+09   1.8655e+09   1.8694e+09   4.5149e+07
  5.0119e+01   5.0563e+01   3.9218e+00   8.1400e-03   1.4641e-03   2.6451e+09   2.6230e+09   2.6234e+09   6.3305e+07
  6.1054e+01   6.1585e+01   4.1190e+00   4.1522e-03   1.9455e-03   3.6524e+09   3.6200e+09   3.6287e+09   8.7376e+07
  7.4375e+01   7.4996e+01   4.3160e+00   3.7674e-03   1.7067e-03   4.9627e+09   4.9267e+09   4.9354e+09   1.1863e+08
  9.0603e+01   9.1313e+01   4.5128e+00   6.6293e-04   1.9424e-03   6.5418e+09   6.5137e+09   6.5256e+09   1.5625e+08
