## {'tot': 9292362.561812038, 'coords': 'spherical', 'metric': 'Euclidean', 'sep_units': 'arcmin', 'bin_type': 'Log'}
#   r_nom       meanr       meanlogr        xi        sigma_xi        DD           RR           DR         npairs   
  1.1037e-01   1.1037e-01  -2.2039e+00  -1.0604e+00   6.3507e-02   0.0000e+00   2.0096e+00   2.0703e+00   0.0000e+00
  1.3445e-01   1.3445e-01  -2.0065e+00  -1.0220e+00   4.7315e-02   0.0000e+00   2.9319e+00   2.9642e+00   0.0000e+00
  1.6379e-01   1.6379e-01  -1.8092e+00  -1.0295e+00   4.5995e-02   0.0000e+00   4.3212e+00   4.3849e+00   0.0000e+00
  1.9953e-01   1.9953e-01  -1.6118e+00  -1.0325e+00   3.5193e-02   0.0000e+00   6.3561e+00   6.4595e+00   0.0000e+00
  2.4306e-01   2.4306e-01  -1.4144e+00  -1.0206e+00   2.7553e-02   0.0000e+00   9.3356e+00   9.4317e+00   0.0000e+00
  2.9609e-01   2.9609e-01  -1.2171e+00  -1.0116e+00   2.4112e-02   0.0000e+00   1.3695e+01   1.3775e+01   0.0000e+00
  3.6070e-01   3.5308e-01  -1.0411e+00   1.1561e+00   2.1526e+00   4.2997e+01   2.0076e+01   1.9931e+01   1.0000e+00
  4.3940e-01   4.3510e-01  -8.3263e-01   2.8679e+00   2.2300e+00   1.1390e+02   2.9456e+01   2.9442e+01   4.0000e+00
  5.3527e-01   4.9103e-01  -7.1125e-01  -2.4696e-01   7.5263e-01   3.2260e+01   4.3334e+01   4.3148e+01   1.0000e+00
  6.5206e-01   6.3692e-01  -4.5305e-01   1.8016e+00   1.1538e+00   1.7713e+02   6.3823e+01   6.2985e+01   6.0000e+00
  7.9433e-01   7.9934e-01  -2.2443e-01   1.4240e+00   7.8643e-01   2.2661e+02   9.3994e+01   9.3381e+01   9.0000e+00
  9.6764e-01   9.8106e-01  -1.9810e-02  -2.1694e-01   3.7630e-01   1.0774e+02   1.3837e+02   1.3806e+02   4.0000e+00
  1.1788e+00   1.1770e+00   1.6163e-01   6.0835e-01   5.3451e-01   3.2770e+02   2.0392e+02   2.0378e+02   1.0000e+01
  1.4360e+00   1.4698e+00   3.8284e-01   1.5269e-01   2.8182e-01   3.4164e+02   3.0055e+02   2.9815e+02   1.2000e+01
  1.7493e+00   1.7749e+00   5.7192e-01  -1.3068e-01   3.0486e-01   3.8462e+02   4.4150e+02   4.4191e+02   1.4000e+01
  2.1309e+00   2.1420e+00   7.6023e-01   6.9636e-01   2.3729e-01   1.0941e+03   6.4934e+02   6.4563e+02   3.8000e+01
  2.5959e+00   2.6167e+00   9.6054e-01   6.9697e-03   1.6003e-01   9.4919e+02   9.5590e+02   9.4921e+02   3.4000e+01
  3.1623e+00   3.1898e+00   1.1586e+00   2.8016e-01   1.8298e-01   1.7943e+03   1.4014e+03   1.4015e+03   6.2000e+01
  3.8522e+00   3.8609e+00   1.3493e+00   2.9028e-01   1.8780e-01   2.6835e+03   2.0610e+03   2.0731e+03   9.0000e+01
  4.6928e+00   4.7109e+00   1.5483e+00   1.8381e-01   1.1089e-01   3.5771e+03   3.0146e+03   3.0188e+03   1.2300e+02
  5.7167e+00   5.7451e+00   1.7468e+00   1.2753e-01   1.0522e-01   4.9299e+03   4.4310e+03   4.3979e+03   1.6600e+02
  6.9640e+00   6.9802e+00   1.9413e+00   1.2782e-01   1.3620e-01   7.3842e+03   6.4980e+03   6.5258e+03   2.5400e+02
  8.4834e+00   8.5269e+00   2.1417e+00   6.9051e-02   6.8876e-02   1.0260e+04   9.5102e+03   9.5569e+03   3.4600e+02
  1.0334e+01   1.0440e+01   2.3442e+00   7.0798e-02   5.2341e-02   1.5130e+04   1.3885e+04   1.4016e+04   5.1800e+02
  1.2589e+01   1.2699e+01   2.5399e+00   8.5752e-02   4.5175e-02   2.2369e+04   2.0389e+04   2.0505e+04   7.7300e+02
  1.5336e+01   1.5519e+01   2.7407e+00   7.7821e-02   5.4138e-02   3.2481e+04   2.9792e+04   2.9977e+04   1.1090e+03
  1.8682e+01   1.8810e+01   2.9329e+00   8.0319e-02   6.0037e-02   4.7159e+04   4.3282e+04   4.3483e+04   1.6160e+03
  2.2758e+01   2.2942e+01   3.1315e+00   9.4042e-02   4.2803e-02   6.8737e+04   6.2644e+04   6.2745e+04   2.3540e+03
  2.7724e+01   2.8006e+01   3.3309e+00   8.5093e-02   3.0880e-02   1.0017e+05   9.0927e+04   9.1680e+04   3.4190e+03
  3.3773e+01   3.4083e+01   3.5273e+00   7.8604e-02   2.9984e-02   1.4235e+05   1.3028e+05   1.3119e+05   4.8440e+03
  4.1142e+01   4.1421e+01   3.7223e+00   5.1717e-02   2.8547e-02   1.9723e+05   1.8471e+05   1.8620e+05   6.7790e+03
  5.0119e+01   5.0519e+01   3.9209e+00   5.4491e-02   3.1820e-02   2.6887e+05   2.5695e+05   2.5591e+05   9.1570e+03
  6.1054e+01   6.1523e+01   4.1179e+00   2.0750e-02   2.8647e-02   3.5367e+05   3.5243e+05   3.4939e+05   1.2136e+04
  7.4375e+01   7.4821e+01   4.3136e+00   2.8514e-02   2.3916e-02   4.7182e+05   4.6972e+05   4.6407e+05   1.6189e+04
  9.0603e+01   9.1100e+01   4.5105e+00   4.2879e-02   2.3660e-02   6.1127e+05   6.0330e+05   5.9435e+05   2.0966e+04
