## {'tot': 770268434.0323433, 'coords': 'spherical', 'metric': 'Euclidean', 'sep_units': 'arcmin', 'bin_type': 'Log'}
#   r_nom       meanr       meanlogr        xi        sigma_xi        DD           RR           DR         npairs   
  1.1037e-01   1.0803e-01  -2.2265e+00   1.0677e+00   7.4190e-01   3.4207e+02   1.6658e+02   1.6539e+02   9.0000e+00
  1.3445e-01   1.4025e-01  -1.9654e+00   1.0281e+00   5.0928e-01   4.9209e+02   2.4304e+02   2.4263e+02   1.3000e+01
  1.6379e-01   1.6115e-01  -1.8267e+00   1.7570e+00   5.1394e-01   9.8821e+02   3.5820e+02   3.5852e+02   2.5000e+01
  1.9953e-01   2.0413e-01  -1.5906e+00   5.5819e-02   3.2610e-01   5.4627e+02   5.2688e+02   5.2187e+02   1.5000e+01
  2.4306e-01   2.4605e-01  -1.4041e+00  -1.2669e-01   2.1982e-01   6.7313e+02   7.7386e+02   7.7251e+02   1.8000e+01
  2.9609e-01   2.9769e-01  -1.2137e+00   4.1522e-01   2.4351e-01   1.6054e+03   1.1352e+03   1.1346e+03   4.4000e+01
  3.6070e-01   3.6717e-01  -1.0037e+00   2.0668e-01   1.6833e-01   2.0085e+03   1.6641e+03   1.6643e+03   5.3000e+01
  4.3940e-01   4.4488e-01  -8.1173e-01   2.5703e-01   1.7221e-01   3.0383e+03   2.4417e+03   2.4262e+03   8.0000e+01
  5.3527e-01   5.4144e-01  -6.1500e-01   3.0601e-01   1.1443e-01   4.7127e+03   3.5921e+03   3.6028e+03   1.2500e+02
  6.5206e-01   6.6347e-01  -4.1170e-01   9.9684e-02   1.0181e-01   5.8216e+03   5.2905e+03   5.2923e+03   1.5100e+02
  7.9433e-01   7.9875e-01  -2.2632e-01   1.1762e-01   8.7082e-02   8.7535e+03   7.7914e+03   7.8142e+03   2.3400e+02
  9.6764e-01   9.7611e-01  -2.5788e-02   1.4777e-01   6.6002e-02   1.3268e+04   1.1470e+04   1.1521e+04   3.4900e+02
  1.1788e+00   1.1877e+00   1.7039e-01   9.1886e-02   5.0805e-02   1.8574e+04   1.6903e+04   1.6962e+04   4.9700e+02
  1.4360e+00   1.4475e+00   3.6829e-01   1.3049e-01   4.7333e-02   2.8258e+04   2.4913e+04   2.4960e+04   7.5300e+02
  1.7493e+00   1.7595e+00   5.6337e-01   6.3856e-02   4.7219e-02   3.9029e+04   3.6597e+04   3.6644e+04   1.0290e+03
  2.1309e+00   2.1502e+00   7.6400e-01   1.3731e-01   3.3518e-02   6.0913e+04   5.3825e+04   5.3674e+04   1.6130e+03
  2.5959e+00   2.6215e+00   9.6224e-01   1.1022e-01   3.3154e-02   8.7132e+04   7.9237e+04   7.8817e+04   2.2950e+03
  3.1623e+00   3.1840e+00   1.1566e+00   1.2269e-01   3.1993e-02   1.3060e+05   1.1616e+05   1.1626e+05   3.4250e+03
  3.8522e+00   3.8814e+00   1.3547e+00   4.2992e-02   2.5613e-02   1.7777e+05   1.7084e+05   1.7063e+05   4.6880e+03
  4.6928e+00   4.7331e+00   1.5531e+00   5.3578e-02   2.4795e-02   2.6442e+05   2.4989e+05   2.5046e+05   6.9670e+03
  5.7167e+00   5.7627e+00   1.7499e+00   5.3658e-02   2.2073e-02   3.8663e+05   3.6729e+05   3.6711e+05   1.0158e+04
  6.9640e+00   7.0229e+00   1.9477e+00   5.9343e-02   2.4859e-02   5.7401e+05   5.3864e+05   5.4034e+05   1.5085e+04
  8.4834e+00   8.5542e+00   2.1449e+00   3.8212e-02   2.1842e-02   8.2282e+05   7.8833e+05   7.9051e+05   2.1699e+04
  1.0334e+01   1.0424e+01   2.3427e+00   4.9765e-02   2.1196e-02   1.2164e+06   1.1510e+06   1.1550e+06   3.1994e+04
  1.2589e+01   1.2699e+01   2.5400e+00   3.1742e-02   1.8853e-02   1.7575e+06   1.6901e+06   1.6970e+06   4.6187e+04
  1.5336e+01   1.5471e+01   2.7375e+00   3.4412e-02   1.7321e-02   2.5918e+06   2.4695e+06   2.4882e+06   6.8091e+04
  1.8682e+01   1.8843e+01   2.9347e+00   2.0687e-02   1.3492e-02   3.7351e+06   3.5878e+06   3.6243e+06   9.8236e+04
  2.2758e+01   2.2955e+01   3.1321e+00   1.2350e-02   1.1310e-02   5.3951e+06   5.1927e+06   5.2618e+06   1.4196e+05
  2.7724e+01   2.7970e+01   3.3297e+00   1.3211e-02   7.7787e-03   7.8225e+06   7.5372e+06   7.6301e+06   2.0575e+05
  3.3773e+01   3.4062e+01   3.5267e+00   1.4411e-02   5.7133e-03   1.1182e+07   1.0799e+07   1.0913e+07   2.9402e+05
  4.1142e+01   4.1503e+01   3.7243e+00   2.5124e-03   6.5771e-03   1.5741e+07   1.5311e+07   1.5507e+07   4.1384e+05
  5.0119e+01   5.0524e+01   3.9210e+00   2.6091e-03   5.8549e-03   2.1846e+07   2.1299e+07   2.1545e+07   5.7442e+05
  6.1054e+01   6.1527e+01   4.1180e+00  -1.6551e-03   5.4486e-03   2.9482e+07   2.9214e+07   2.9372e+07   7.7475e+05
  7.4375e+01   7.4922e+01   4.3150e+00  -1.2295e-03   5.4272e-03   3.9189e+07   3.8936e+07   3.9086e+07   1.0292e+06
  9.0603e+01   9.1256e+01   4.5122e+00  -1.0700e-02   8.6091e-03   4.9787e+07   5.0009e+07   5.0166e+07   1.3097e+06
