## {'tot': 8746015.66171942, 'coords': 'spherical', 'metric': 'Euclidean', 'sep_units': 'arcmin', 'bin_type': 'Log'}
#   r_nom       meanr       meanlogr        xi        sigma_xi        DD           RR           DR         npairs   
  1.1037e-01   1.1899e-01  -2.1287e+00   1.4250e+01   1.5433e+01   2.8933e+01   1.8914e+00   1.9352e+00   1.0000e+00
  1.3445e-01   1.3445e-01  -2.0065e+00  -1.0347e+00   4.6355e-02   0.0000e+00   2.7596e+00   2.8074e+00   0.0000e+00
  1.6379e-01   1.6379e-01  -1.8092e+00  -9.5278e-01   4.6573e-02   0.0000e+00   4.0672e+00   3.9711e+00   0.0000e+00
  1.9953e-01   1.9953e-01  -1.6118e+00  -9.5054e-01   3.2020e-02   0.0000e+00   5.9824e+00   5.8345e+00   0.0000e+00
  2.4306e-01   2.4306e-01  -1.4144e+00  -9.6146e-01   3.3613e-02   0.0000e+00   8.7868e+00   8.6174e+00   0.0000e+00
  2.9609e-01   2.9609e-01  -1.2171e+00  -9.7204e-01   3.2518e-02   0.0000e+00   1.2890e+01   1.2710e+01   0.0000e+00
  3.6070e-01   3.6070e-01  -1.0197e+00  -9.7224e-01   2.7235e-02   0.0000e+00   1.8895e+01   1.8633e+01   0.0000e+00
  4.3940e-01   4.4043e-01  -8.2200e-01   2.7378e+00   2.0096e+00   1.0427e+02   2.7724e+01   2.8048e+01   3.0000e+00
  5.3527e-01   5.0746e-01  -6.7833e-01  -1.6056e-02   9.6211e-01   3.8694e+01   4.0786e+01   4.0068e+01   1.0000e+00
  6.5206e-01   6.5587e-01  -4.2329e-01   1.8768e+00   1.1090e+00   1.7145e+02   6.0071e+01   5.9393e+01   5.0000e+00
  7.9433e-01   8.2897e-01  -1.8792e-01  -2.0520e-01   5.6542e-01   6.8754e+01   8.8468e+01   8.7688e+01   2.0000e+00
  9.6764e-01   9.2070e-01  -8.3132e-02  -9.8698e-02   4.7454e-01   1.1440e+02   1.3023e+02   1.2874e+02   4.0000e+00
  1.1788e+00   1.1958e+00   1.7715e-01   3.2970e-01   4.0977e-01   2.5006e+02   1.9193e+02   1.8936e+02   8.0000e+00
  1.4360e+00   1.4692e+00   3.8380e-01   6.6935e-01   5.6797e-01   4.6967e+02   2.8288e+02   2.8160e+02   1.3000e+01
  1.7493e+00   1.7303e+00   5.4693e-01   4.5941e-01   3.8924e-01   6.0305e+02   4.1554e+02   4.1384e+02   1.7000e+01
  2.1309e+00   2.1474e+00   7.6310e-01   1.7979e-01   3.1062e-01   7.1508e+02   6.1116e+02   6.0818e+02   2.0000e+01
  2.5959e+00   2.6136e+00   9.5917e-01   6.8017e-01   3.3992e-01   1.5038e+03   8.9969e+02   8.9580e+02   4.5000e+01
  3.1623e+00   3.1687e+00   1.1516e+00   2.2822e-01   1.6977e-01   1.6054e+03   1.3190e+03   1.3117e+03   4.3000e+01
  3.8522e+00   3.8980e+00   1.3590e+00   8.9088e-02   1.5652e-01   2.0981e+03   1.9399e+03   1.9326e+03   5.8000e+01
  4.6928e+00   4.6685e+00   1.5393e+00  -1.5154e-02   1.5624e-01   2.7233e+03   2.8373e+03   2.8018e+03   8.0000e+01
  5.7167e+00   5.7460e+00   1.7470e+00   2.2544e-01   1.1282e-01   5.0370e+03   4.1705e+03   4.1336e+03   1.4500e+02
  6.9640e+00   7.0132e+00   1.9461e+00   1.1274e-01   9.5618e-02   6.7534e+03   6.1160e+03   6.0900e+03   1.8500e+02
  8.4834e+00   8.5786e+00   2.1477e+00   2.1112e-01   1.2165e-01   1.0862e+04   8.9511e+03   8.9618e+03   3.0500e+02
  1.0334e+01   1.0410e+01   2.3412e+00   1.4366e-01   7.6555e-02   1.4888e+04   1.3069e+04   1.3040e+04   4.1200e+02
  1.2589e+01   1.2686e+01   2.5390e+00   1.4114e-01   6.0681e-02   2.1992e+04   1.9190e+04   1.9237e+04   6.1900e+02
  1.5336e+01   1.5457e+01   2.7365e+00   5.5089e-02   6.0675e-02   2.9553e+04   2.8040e+04   2.8024e+04   8.2700e+02
  1.8682e+01   1.8886e+01   2.9368e+00   5.3888e-02   6.6611e-02   4.3263e+04   4.0737e+04   4.0903e+04   1.2110e+03
  2.2758e+01   2.2904e+01   3.1299e+00   9.5226e-02   6.7508e-02   6.4851e+04   5.8960e+04   5.9098e+04   1.7910e+03
  2.7724e+01   2.7900e+01   3.3271e+00   5.1706e-02   4.3335e-02   9.0825e+04   8.5581e+04   8.5990e+04   2.5370e+03
  3.3773e+01   3.4033e+01   3.5259e+00   9.9708e-02   4.4830e-02   1.3620e+05   1.2262e+05   1.2330e+05   3.7760e+03
  4.1142e+01   4.1475e+01   3.7236e+00   1.9876e-02   5.2572e-02   1.7948e+05   1.7385e+05   1.7494e+05   4.9500e+03
  5.0119e+01   5.0457e+01   3.9197e+00   3.9236e-02   5.3462e-02   2.5164e+05   2.4184e+05   2.4200e+05   6.9860e+03
  6.1054e+01   6.1469e+01   4.1170e+00   3.9133e-02   3.2380e-02   3.4325e+05   3.3171e+05   3.3099e+05   9.4140e+03
  7.4375e+01   7.4979e+01   4.3158e+00   2.2699e-02   2.9521e-02   4.5808e+05   4.4210e+05   4.4507e+05   1.2576e+04
  9.0603e+01   9.1031e+01   4.5097e+00   5.5415e-03   2.1116e-02   5.8225e+05   5.6783e+05   5.7346e+05   1.5938e+04
