## {'tot': 712663.3849205899, 'coords': 'spherical', 'metric': 'Euclidean', 'sep_units': 'arcmin', 'bin_type': 'Log'}
#   r_nom       meanr       meanlogr        xi        sigma_xi        DD           RR           DR         npairs   
  1.1037e-01   1.1037e-01  -2.2039e+00  -9.1850e-01   1.6122e-01   0.0000e+00   1.5412e-01   1.4784e-01   0.0000e+00
  1.3445e-01   1.3445e-01  -2.0065e+00  -1.0017e+00   1.4024e-01   0.0000e+00   2.2486e-01   2.2505e-01   0.0000e+00
  1.6379e-01   1.6379e-01  -1.8092e+00  -9.4734e-01   1.1212e-01   0.0000e+00   3.3141e-01   3.2268e-01   0.0000e+00
  1.9953e-01   1.9060e-01  -1.6576e+00   5.1839e+01   5.3359e+01   2.5685e+01   4.8747e-01   4.5111e-01   1.0000e+00
  2.4306e-01   2.4306e-01  -1.4144e+00  -9.7247e-01   7.6010e-02   0.0000e+00   7.1598e-01   7.0613e-01   0.0000e+00
  2.9609e-01   2.9609e-01  -1.2171e+00  -1.0184e+00   5.3443e-02   0.0000e+00   1.0503e+00   1.0600e+00   0.0000e+00
  3.6070e-01   3.6070e-01  -1.0197e+00  -1.0325e+00   5.3451e-02   0.0000e+00   1.5397e+00   1.5647e+00   0.0000e+00
  4.3940e-01   4.3940e-01  -8.2235e-01  -1.0288e+00   4.8617e-02   0.0000e+00   2.2591e+00   2.2916e+00   0.0000e+00
  5.3527e-01   5.3527e-01  -6.2499e-01  -1.0084e+00   3.8644e-02   0.0000e+00   3.3234e+00   3.3374e+00   0.0000e+00
  6.5206e-01   6.5206e-01  -4.2762e-01  -9.5388e-01   3.7229e-02   0.0000e+00   4.8948e+00   4.7820e+00   0.0000e+00
  7.9433e-01   7.9433e-01  -2.3026e-01  -1.0155e+00   3.3243e-02   0.0000e+00   7.2087e+00   7.2647e+00   0.0000e+00
  9.6764e-01   9.6764e-01  -3.2894e-02  -9.7186e-01   3.2889e-02   0.0000e+00   1.0612e+01   1.0463e+01   0.0000e+00
  1.1788e+00   1.1788e+00   1.6447e-01  -1.0326e+00   3.1242e-02   0.0000e+00   1.5639e+01   1.5894e+01   0.0000e+00
  1.4360e+00   1.5010e+00   4.0611e-01   1.6878e+00   2.7668e+00   6.2909e+01   2.3050e+01   2.3527e+01   1.0000e+00
  1.7493e+00   1.7493e+00   5.5920e-01  -1.0032e+00   2.9290e-02   0.0000e+00   3.3860e+01   3.3914e+01   0.0000e+00
  2.1309e+00   2.1906e+00   7.8350e-01   3.4755e+00   2.4502e+00   2.2305e+02   4.9800e+01   4.9884e+01   4.0000e+00
  2.5959e+00   2.5959e+00   9.5393e-01  -1.0175e+00   2.6561e-02   0.0000e+00   7.3311e+01   7.3953e+01   0.0000e+00
  3.1623e+00   3.1875e+00   1.1556e+00   1.5923e-02   7.2993e-01   1.1407e+02   1.0748e+02   1.0992e+02   3.0000e+00
  3.8522e+00   3.8326e+00   1.3407e+00  -5.7373e-01   3.3343e-01   7.1701e+01   1.5807e+02   1.6023e+02   2.0000e+00
  4.6928e+00   4.7534e+00   1.5572e+00  -1.1000e-02   4.6697e-01   2.3691e+02   2.3120e+02   2.3533e+02   4.0000e+00
  5.7167e+00   5.9227e+00   1.7775e+00   1.9352e-01   5.2394e-01   4.1414e+02   3.3983e+02   3.4410e+02   7.0000e+00
  6.9640e+00   7.2042e+00   1.9734e+00   3.2190e-01   4.4349e-01   6.6436e+02   4.9836e+02   5.0115e+02   1.5000e+01
  8.4834e+00   8.3007e+00   2.1149e+00   2.9116e-01   2.7569e-01   9.4752e+02   7.2937e+02   7.3226e+02   1.7000e+01
  1.0334e+01   1.0342e+01   2.3351e+00  -2.2731e-01   2.4170e-01   8.3269e+02   1.0649e+03   1.0698e+03   1.9000e+01
  1.2589e+01   1.2713e+01   2.5412e+00  -3.3095e-02   1.6986e-01   1.5404e+03   1.5637e+03   1.5779e+03   2.9000e+01
  1.5336e+01   1.5508e+01   2.7401e+00   4.7834e-02   1.7828e-01   2.4779e+03   2.2848e+03   2.3267e+03   4.6000e+01
  1.8682e+01   1.8996e+01   2.9428e+00   6.3629e-02   1.9417e-01   3.6181e+03   3.3195e+03   3.3632e+03   7.0000e+01
  2.2758e+01   2.2870e+01   3.1280e+00   4.3284e-02   1.6869e-01   5.1025e+03   4.8044e+03   4.8495e+03   9.7000e+01
  2.7724e+01   2.7958e+01   3.3291e+00   4.6410e-02   1.0063e-01   7.7112e+03   6.9735e+03   7.1805e+03   1.4500e+02
  3.3773e+01   3.4108e+01   3.5279e+00  -1.2066e-01   9.3674e-02   9.0644e+03   9.9914e+03   1.0131e+04   1.8200e+02
  4.1142e+01   4.1391e+01   3.7214e+00  -8.8525e-02   8.5605e-02   1.3337e+04   1.4166e+04   1.4379e+04   2.6400e+02
  5.0119e+01   5.0660e+01   3.9237e+00  -2.1992e-02   5.9886e-02   2.0174e+04   1.9706e+04   2.0157e+04   4.0900e+02
  6.1054e+01   6.1638e+01   4.1198e+00  -6.1791e-02   7.1416e-02   2.7139e+04   2.7029e+04   2.7919e+04   5.3000e+02
  7.4375e+01   7.4932e+01   4.3150e+00   8.5536e-02   7.5902e-02   4.1242e+04   3.6024e+04   3.7093e+04   8.1700e+02
  9.0603e+01   9.1128e+01   4.5107e+00   4.6230e-03   4.7614e-02   4.7406e+04   4.6269e+04   4.6731e+04   9.0400e+02
