## {'tot': 60143601.491020076, 'coords': 'spherical', 'metric': 'Euclidean', 'sep_units': 'arcmin', 'bin_type': 'Log'}
#   r_nom       meanr       meanlogr        xi        sigma_xi        DD           RR           DR         npairs   
  1.1037e-01   1.0698e-01  -2.2351e+00   8.3273e-01   1.8354e+00   2.3658e+01   1.3007e+01   1.2917e+01   1.0000e+00
  1.3445e-01   1.3879e-01  -1.9748e+00   6.3685e-01   1.6037e+00   3.0408e+01   1.8977e+01   1.8650e+01   1.0000e+00
  1.6379e-01   1.5545e-01  -1.8616e+00   3.7447e+00   2.8022e+00   1.3363e+02   2.7969e+01   2.8432e+01   3.0000e+00
  1.9953e-01   1.9781e-01  -1.6215e+00   3.6291e+00   1.9537e+00   1.9076e+02   4.1139e+01   4.1298e+01   5.0000e+00
  2.4306e-01   2.3433e-01  -1.4527e+00   1.6097e+00   1.2803e+00   1.5631e+02   6.0424e+01   5.9732e+01   4.0000e+00
  2.9609e-01   3.0505e-01  -1.1890e+00   1.8780e+00   1.2177e+00   2.5453e+02   8.8640e+01   8.8352e+01   7.0000e+00
  3.6070e-01   3.6073e-01  -1.0205e+00   1.3154e+00   9.1855e-01   2.9550e+02   1.2994e+02   1.2726e+02   7.0000e+00
  4.3940e-01   4.2748e-01  -8.5133e-01   9.7497e-01   5.1014e-01   3.7134e+02   1.9065e+02   1.8806e+02   1.0000e+01
  5.3527e-01   5.4290e-01  -6.1170e-01   2.9772e-01   4.8976e-01   3.6096e+02   2.8047e+02   2.7897e+02   8.0000e+00
  6.5206e-01   6.4596e-01  -4.3848e-01   1.1747e+00   3.9867e-01   8.9766e+02   4.1309e+02   4.1275e+02   2.5000e+01
  7.9433e-01   8.0403e-01  -2.1956e-01   1.1735e+00   3.8974e-01   1.3222e+03   6.0836e+02   6.0832e+02   3.4000e+01
  9.6764e-01   1.0068e+00   5.5537e-03   6.4887e-01   2.3336e-01   1.4794e+03   8.9558e+02   8.9694e+02   4.1000e+01
  1.1788e+00   1.1890e+00   1.7139e-01   7.0841e-01   3.3015e-01   2.2462e+03   1.3198e+03   1.3155e+03   5.8000e+01
  1.4360e+00   1.4317e+00   3.5704e-01   3.4785e-01   1.7786e-01   2.6133e+03   1.9453e+03   1.9410e+03   6.7000e+01
  1.7493e+00   1.7655e+00   5.6666e-01   1.2511e-01   1.6776e-01   3.2331e+03   2.8576e+03   2.8666e+03   8.6000e+01
  2.1309e+00   2.1369e+00   7.5796e-01   4.3064e-01   1.2826e-01   6.0249e+03   4.2028e+03   4.2089e+03   1.6600e+02
  2.5959e+00   2.6067e+00   9.5648e-01   9.5057e-02   1.2395e-01   6.7627e+03   6.1869e+03   6.1808e+03   1.8700e+02
  3.1623e+00   3.1718e+00   1.1526e+00   4.6068e-01   9.4018e-02   1.3351e+04   9.0702e+03   9.1215e+03   3.5700e+02
  3.8522e+00   3.8872e+00   1.3562e+00   2.3655e-01   6.7901e-02   1.6742e+04   1.3340e+04   1.3463e+04   4.5700e+02
  4.6928e+00   4.7227e+00   1.5507e+00   1.4416e-01   5.3607e-02   2.2640e+04   1.9512e+04   1.9670e+04   6.2300e+02
  5.7167e+00   5.7556e+00   1.7487e+00   2.2775e-01   5.8539e-02   3.5669e+04   2.8679e+04   2.8908e+04   9.8600e+02
  6.9640e+00   7.0135e+00   1.9462e+00   1.8200e-01   5.5432e-02   5.0754e+04   4.2058e+04   4.2578e+04   1.4030e+03
  8.4834e+00   8.5328e+00   2.1424e+00   1.5285e-01   4.8907e-02   7.2006e+04   6.1554e+04   6.2076e+04   1.9900e+03
  1.0334e+01   1.0437e+01   2.3440e+00   1.0325e-01   5.3688e-02   1.0109e+05   8.9872e+04   9.0840e+04   2.7590e+03
  1.2589e+01   1.2695e+01   2.5397e+00   1.2865e-01   6.1803e-02   1.5190e+05   1.3196e+05   1.3344e+05   4.1960e+03
  1.5336e+01   1.5445e+01   2.7358e+00   7.7559e-02   4.6555e-02   2.1247e+05   1.9282e+05   1.9517e+05   5.8800e+03
  1.8682e+01   1.8840e+01   2.9345e+00   1.1728e-01   4.9408e-02   3.2142e+05   2.8014e+05   2.8435e+05   8.8800e+03
  2.2758e+01   2.2931e+01   3.1310e+00   8.1860e-02   5.0367e-02   4.5268e+05   4.0545e+05   4.1247e+05   1.2429e+04
  2.7724e+01   2.7977e+01   3.3299e+00   6.2163e-02   4.1185e-02   6.4559e+05   5.8851e+05   5.9876e+05   1.7752e+04
  3.3773e+01   3.4052e+01   3.5264e+00   6.2124e-02   4.3731e-02   9.1885e+05   8.4321e+05   8.5484e+05   2.5343e+04
  4.1142e+01   4.1492e+01   3.7241e+00   3.3770e-02   3.5052e-02   1.2747e+06   1.1955e+06   1.2149e+06   3.5185e+04
  5.0119e+01   5.0518e+01   3.9209e+00   2.7472e-02   3.2433e-02   1.7652e+06   1.6631e+06   1.6913e+06   4.8717e+04
  6.1054e+01   6.1492e+01   4.1175e+00  -3.9771e-03   2.3309e-02   2.3326e+06   2.2811e+06   2.3114e+06   6.4141e+04
  7.4375e+01   7.4905e+01   4.3148e+00  -9.2724e-03   2.1485e-02   3.0873e+06   3.0402e+06   3.0779e+06   8.5009e+04
  9.0603e+01   9.1222e+01   4.5118e+00  -2.0210e-02   1.5976e-02   3.9039e+06   3.9048e+06   3.9438e+06   1.0742e+05
