## {'tot': 700660.1538583329, 'coords': 'spherical', 'metric': 'Euclidean', 'sep_units': 'arcmin', 'bin_type': 'Log'}
#   r_nom       meanr       meanlogr        xi        sigma_xi        DD           RR           DR         npairs   
  1.1037e-01   1.1037e-01  -2.2039e+00  -1.0164e+00   1.6747e-01   0.0000e+00   1.5153e-01   1.5277e-01   0.0000e+00
  1.3445e-01   1.3445e-01  -2.0065e+00  -1.1163e+00   1.1713e-01   0.0000e+00   2.2107e-01   2.3393e-01   0.0000e+00
  1.6379e-01   1.6379e-01  -1.8092e+00  -1.0977e+00   9.5484e-02   0.0000e+00   3.2583e-01   3.4174e-01   0.0000e+00
  1.9953e-01   1.9953e-01  -1.6118e+00  -1.0033e+00   1.1813e-01   0.0000e+00   4.7926e-01   4.8005e-01   0.0000e+00
  2.4306e-01   2.4306e-01  -1.4144e+00  -1.0383e+00   6.3369e-02   0.0000e+00   7.0392e-01   7.1741e-01   0.0000e+00
  2.9609e-01   2.9609e-01  -1.2171e+00  -9.0608e-01   7.2156e-02   0.0000e+00   1.0326e+00   9.8414e-01   0.0000e+00
  3.6070e-01   3.6070e-01  -1.0197e+00  -9.6619e-01   3.9752e-02   0.0000e+00   1.5137e+00   1.4881e+00   0.0000e+00
  4.3940e-01   4.3940e-01  -8.2235e-01  -1.0005e+00   4.6798e-02   0.0000e+00   2.2210e+00   2.2216e+00   0.0000e+00
  5.3527e-01   5.3527e-01  -6.2499e-01  -9.8359e-01   4.1683e-02   0.0000e+00   3.2675e+00   3.2407e+00   0.0000e+00
  6.5206e-01   6.5206e-01  -4.2762e-01  -1.0421e+00   3.7463e-02   0.0000e+00   4.8124e+00   4.9136e+00   0.0000e+00
  7.9433e-01   7.9433e-01  -2.3026e-01  -1.0229e+00   3.2613e-02   0.0000e+00   7.0873e+00   7.1684e+00   0.0000e+00
  9.6764e-01   1.0119e+00   1.1830e-02   3.2726e+00   4.3753e+00   4.4752e+01   1.0433e+01   1.0521e+01   1.0000e+00
  1.1788e+00   1.2126e+00   1.9279e-01   2.7664e+00   3.8446e+00   5.8067e+01   1.5376e+01   1.5453e+01   1.0000e+00
  1.4360e+00   1.4360e+00   3.6183e-01  -1.0198e+00   2.9235e-02   0.0000e+00   2.2662e+01   2.2886e+01   0.0000e+00
  1.7493e+00   1.6712e+00   5.1307e-01   3.1112e+00   2.9075e+00   1.3617e+02   3.3290e+01   3.2947e+01   3.0000e+00
  2.1309e+00   2.0144e+00   6.9983e-01   7.2167e-01   1.2700e+00   8.4228e+01   4.8961e+01   4.8928e+01   2.0000e+00
  2.5959e+00   2.7049e+00   9.9245e-01   5.7355e-01   8.9957e-01   1.1297e+02   7.2076e+01   7.1852e+01   3.0000e+00
  3.1623e+00   3.1999e+00   1.1631e+00  -1.7445e-01   6.0852e-01   8.9590e+01   1.0567e+02   1.0684e+02   2.0000e+00
  3.8522e+00   3.7861e+00   1.3303e+00   7.3582e-01   5.9594e-01   2.7854e+02   1.5541e+02   1.5980e+02   7.0000e+00
  4.6928e+00   4.7397e+00   1.5530e+00  -2.6831e-01   5.8698e-01   1.7826e+02   2.2730e+02   2.3327e+02   3.0000e+00
  5.7167e+00   5.9843e+00   1.7874e+00  -2.4325e-01   3.2565e-01   2.6131e+02   3.3410e+02   3.3834e+02   5.0000e+00
  6.9640e+00   6.7980e+00   1.9153e+00  -2.0730e-01   3.3047e-01   4.1051e+02   4.8996e+02   5.0102e+02   9.0000e+00
  8.4834e+00   8.4423e+00   2.1319e+00  -2.9303e-01   1.9322e-01   5.3132e+02   7.1709e+02   7.2927e+02   1.0000e+01
  1.0334e+01   1.0700e+01   2.3690e+00   8.3203e-02   2.6762e-01   1.1681e+03   1.0470e+03   1.0640e+03   2.1000e+01
  1.2589e+01   1.2784e+01   2.5466e+00  -1.1836e-01   2.0666e-01   1.4143e+03   1.5373e+03   1.5668e+03   2.8000e+01
  1.5336e+01   1.5475e+01   2.7378e+00   2.5385e-01   2.7098e-01   2.9025e+03   2.2463e+03   2.2893e+03   5.7000e+01
  1.8682e+01   1.8741e+01   2.9289e+00  -2.4017e-02   1.6381e-01   3.3699e+03   3.2636e+03   3.3559e+03   6.7000e+01
  2.2758e+01   2.2781e+01   3.1246e+00  -2.7063e-02   1.0360e-01   4.8855e+03   4.7234e+03   4.8684e+03   1.0100e+02
  2.7724e+01   2.8109e+01   3.3344e+00   1.8573e-01   1.2412e-01   8.6872e+03   6.8560e+03   7.1349e+03   1.6500e+02
  3.3773e+01   3.3986e+01   3.5241e+00  -5.4582e-03   1.1459e-01   1.0486e+04   9.8232e+03   1.0181e+04   2.1000e+02
  4.1142e+01   4.1281e+01   3.7188e+00   4.4492e-02   8.3393e-02   1.5948e+04   1.3927e+04   1.4628e+04   3.2500e+02
  5.0119e+01   5.0481e+01   3.9201e+00   4.7727e-03   8.2499e-02   2.1039e+04   1.9374e+04   2.0160e+04   4.1300e+02
  6.1054e+01   6.1556e+01   4.1183e+00  -5.1870e-02   8.1429e-02   2.7638e+04   2.6574e+04   2.7795e+04   5.5000e+02
  7.4375e+01   7.4740e+01   4.3124e+00  -9.3881e-02   6.3786e-02   3.4445e+04   3.5418e+04   3.6594e+04   6.9900e+02
  9.0603e+01   9.1156e+01   4.5109e+00  -6.0154e-03   5.0666e-02   4.4853e+04   4.5490e+04   4.5308e+04   9.1000e+02
