## {'tot': 9292362.561812038, 'coords': 'spherical', 'metric': 'Euclidean', 'sep_units': 'arcmin', 'bin_type': 'Log'}
#   r_nom       meanr       meanlogr        xi        sigma_xi        DD           RR           DR         npairs   
  1.4125e-01   1.4125e-01  -1.9572e+00  -1.0363e+00   2.6679e-02   0.0000e+00   1.2191e+01   1.2412e+01   0.0000e+00
  2.8184e-01   3.5308e-01  -1.0411e+00  -8.1341e-02   9.2679e-01   4.2997e+01   4.6674e+01   4.6734e+01   1.0000e+00
  5.6234e-01   6.1606e-01  -5.0946e-01   1.5275e+00   5.7911e-01   4.5073e+02   1.7925e+02   1.7809e+02   1.6000e+01
  1.1220e+00   1.2270e+00   1.8528e-01   2.6902e-01   1.6705e-01   8.7626e+02   6.9468e+02   6.9203e+02   3.0000e+01
  2.2387e+00   2.4432e+00   8.7775e-01   1.8940e-01   9.9493e-02   3.1645e+03   2.6814e+03   2.6690e+03   1.1200e+02
  4.4668e+00   4.8094e+00   1.5531e+00   1.8924e-01   6.7283e-02   1.2202e+04   1.0276e+04   1.0266e+04   4.1300e+02
  8.9125e+00   9.7517e+00   2.2612e+00   9.3972e-02   4.0396e-02   4.3239e+04   3.9114e+04   3.9339e+04   1.4780e+03
  1.7783e+01   1.9480e+01   2.9539e+00   8.3868e-02   3.3558e-02   1.6061e+05   1.4691e+05   1.4760e+05   5.5030e+03
  3.5481e+01   3.8567e+01   3.6364e+00   6.6731e-02   2.3405e-02   5.6501e+05   5.2348e+05   5.2678e+05   1.9308e+04
  7.0795e+01   7.6117e+01   4.3150e+00   3.4498e-02   2.1488e-02   1.5822e+06   1.5651e+06   1.5467e+06   5.4245e+04
