## {'tot': 8746015.66171942, 'coords': 'spherical', 'metric': 'Euclidean', 'sep_units': 'arcmin', 'bin_type': 'Log'}
#   r_nom       meanr       meanlogr        xi        sigma_xi        DD           RR           DR         npairs   
  1.4125e-01   1.1899e-01  -2.1287e+00   1.5423e+00   2.5485e+00   2.8933e+01   1.1474e+01   1.1355e+01   1.0000e+00
  2.8184e-01   2.8184e-01  -1.2664e+00  -9.7097e-01   1.9283e-02   0.0000e+00   4.3930e+01   4.3292e+01   0.0000e+00
  5.6234e-01   5.6616e-01  -5.8690e-01   8.7955e-01   5.9145e-01   3.1442e+02   1.6871e+02   1.6737e+02   9.0000e+00
  1.1220e+00   1.2615e+00   2.1310e-01   3.2974e-01   3.1273e-01   8.5950e+02   6.5384e+02   6.4887e+02   2.6000e+01
  2.2387e+00   2.4414e+00   8.7491e-01   4.4460e-01   1.5451e-01   3.6275e+03   2.5238e+03   2.5146e+03   1.0400e+02
  4.4668e+00   4.9125e+00   1.5749e+00   1.1945e-01   9.0259e-02   1.0661e+04   9.6717e+03   9.5885e+03   3.0300e+02
  8.9125e+00   9.7474e+00   2.2613e+00   1.5386e-01   5.6842e-02   4.2319e+04   3.6815e+04   3.6735e+04   1.1780e+03
  1.7783e+01   1.9491e+01   2.9538e+00   8.2886e-02   5.0241e-02   1.5072e+05   1.3828e+05   1.3877e+05   4.1970e+03
  3.5481e+01   3.8619e+01   3.6374e+00   5.4206e-02   4.5603e-02   5.2484e+05   4.9270e+05   4.9541e+05   1.4542e+04
  7.0795e+01   7.6093e+01   4.3148e+00   1.8798e-02   1.9939e-02   1.5172e+06   1.4731e+06   1.4813e+06   4.1646e+04
