## {'tot': 60143601.491020076, 'coords': 'spherical', 'metric': 'Euclidean', 'sep_units': 'arcmin', 'bin_type': 'Log'}
#   r_nom       meanr       meanlogr        xi        sigma_xi        DD           RR           DR         npairs   
  1.4125e-01   1.6426e-01  -1.8195e+00   2.9011e+00   1.2994e+00   3.0823e+02   7.8903e+01   7.9116e+01   8.0000e+00
  2.8184e-01   3.0326e-01  -1.2123e+00   1.5922e+00   7.1621e-01   7.7656e+02   3.0209e+02   2.9882e+02   2.0000e+01
  5.6234e-01   6.1506e-01  -5.0417e-01   8.2618e-01   2.6929e-01   2.1090e+03   1.1602e+03   1.1553e+03   5.5000e+01
  1.1220e+00   1.1971e+00   1.6275e-01   5.9870e-01   1.3206e-01   7.1822e+03   4.4962e+03   4.4933e+03   1.8800e+02
  2.2387e+00   2.4727e+00   8.8833e-01   2.8969e-01   9.3866e-02   2.2476e+04   1.7355e+04   1.7402e+04   6.0800e+02
  4.4668e+00   4.8784e+00   1.5680e+00   2.1502e-01   4.3981e-02   8.1931e+04   6.6509e+04   6.7069e+04   2.2540e+03
  8.9125e+00   9.7494e+00   2.2609e+00   1.4316e-01   4.8270e-02   2.9473e+05   2.5316e+05   2.5582e+05   8.1000e+03
  1.7783e+01   1.9458e+01   2.9526e+00   9.3861e-02   4.7007e-02   1.0700e+06   9.5088e+05   9.6581e+05   2.9511e+04
  3.5481e+01   3.8587e+01   3.6368e+00   4.3456e-02   3.6591e-02   3.6485e+06   3.3881e+06   3.4447e+06   1.0060e+05
  7.0795e+01   7.5962e+01   4.3128e+00  -8.6344e-03   1.5981e-02   1.0286e+07   1.0130e+07   1.0252e+07   2.8313e+05
