## {'tot': 700660.1538583329, 'coords': 'spherical', 'metric': 'Euclidean', 'sep_units': 'arcmin', 'bin_type': 'Log'}
#   r_nom       meanr       meanlogr        xi        sigma_xi        DD           RR           DR         npairs   
  1.4125e-01   1.4125e-01  -1.9572e+00  -1.0681e+00   6.2319e-02   0.0000e+00   9.1920e-01   9.5052e-01   0.0000e+00
  2.8184e-01   2.8184e-01  -1.2664e+00  -9.6177e-01   3.7448e-02   0.0000e+00   3.5193e+00   3.4521e+00   0.0000e+00
  5.6234e-01   5.6234e-01  -5.7565e-01  -1.0252e+00   2.6135e-02   0.0000e+00   1.3516e+01   1.3686e+01   0.0000e+00
  1.1220e+00   1.1253e+00   1.1403e-01   9.4649e-01   1.3537e+00   1.0282e+02   5.2380e+01   5.2811e+01   2.0000e+00
  2.2387e+00   2.1082e+00   7.2270e-01   6.4131e-01   5.6653e-01   3.3337e+02   2.0218e+02   2.0294e+02   8.0000e+00
  4.4668e+00   4.6418e+00   1.5094e+00   3.8113e-03   2.7699e-01   8.0770e+02   7.7481e+02   7.8978e+02   1.7000e+01
  8.9125e+00   9.9437e+00   2.2784e+00  -1.2934e-01   1.5024e-01   2.6674e+03   2.9493e+03   2.9991e+03   5.1000e+01
  1.7783e+01   1.9178e+01   2.9376e+00   2.9184e-02   9.8551e-02   1.2015e+04   1.1078e+04   1.1385e+04   2.4200e+02
  3.5481e+01   3.8326e+01   3.6285e+00   3.4795e-02   4.7347e-02   4.4433e+04   3.9471e+04   4.1266e+04   8.8600e+02
  7.0795e+01   7.5685e+01   4.3077e+00  -3.7529e-02   3.1572e-02   1.1866e+05   1.1801e+05   1.2055e+05   2.3860e+03
