## {'tot': 770268434.0323433, 'coords': 'spherical', 'metric': 'Euclidean', 'sep_units': 'arcmin', 'bin_type': 'Log'}
#   r_nom       meanr       meanlogr        xi        sigma_xi        DD           RR           DR         npairs   
  1.4125e-01   1.5081e-01  -1.9064e+00   1.0431e+00   2.2936e-01   2.0560e+03   1.0105e+03   1.0062e+03   5.4000e+01
  2.8184e-01   3.1473e-01  -1.1724e+00   1.9088e-01   1.2157e-01   4.5997e+03   3.8690e+03   3.8651e+03   1.2300e+02
  5.6234e-01   6.1456e-01  -5.0427e-01   1.8236e-01   5.8047e-02   1.7627e+04   1.4859e+04   1.4888e+04   4.6600e+02
  1.1220e+00   1.2295e+00   1.9000e-01   1.1283e-01   3.3697e-02   6.4500e+04   5.7584e+04   5.7793e+04   1.7140e+03
  2.2387e+00   2.4626e+00   8.8526e-01   1.2014e-01   2.6774e-02   2.4820e+05   2.2227e+05   2.2188e+05   6.5290e+03
  4.4668e+00   4.8940e+00   1.5720e+00   5.5613e-02   2.1791e-02   9.0024e+05   8.5179e+05   8.5233e+05   2.3688e+04
  8.9125e+00   9.7603e+00   2.2625e+00   4.5717e-02   1.9395e-02   3.4114e+06   3.2423e+06   3.2528e+06   8.9805e+04
  1.7783e+01   1.9459e+01   2.9524e+00   2.1007e-02   1.3150e-02   1.2698e+07   1.2178e+07   1.2310e+07   3.3391e+05
  3.5481e+01   3.8667e+01   3.6388e+00   6.4541e-03   5.5688e-03   4.4839e+07   4.3392e+07   4.3976e+07   1.1791e+06
  7.0795e+01   7.6086e+01   4.3146e+00  -4.2830e-03   4.7921e-03   1.3027e+08   1.2973e+08   1.3028e+08   3.4241e+06
