## {'tot': 712663.3849205899, 'coords': 'spherical', 'metric': 'Euclidean', 'sep_units': 'arcmin', 'bin_type': 'Log'}
#   r_nom       meanr       meanlogr        xi        sigma_xi        DD           RR           DR         npairs   
  1.4125e-01   1.9060e-01  -1.6576e+00   2.6515e+01   2.7832e+01   2.5685e+01   9.3495e-01   9.1510e-01   1.0000e+00
  2.8184e-01   2.8184e-01  -1.2664e+00  -9.9654e-01   4.0363e-02   0.0000e+00   3.5796e+00   3.5734e+00   0.0000e+00
  5.6234e-01   5.6234e-01  -5.7565e-01  -1.0094e+00   2.6359e-02   0.0000e+00   1.3747e+01   1.3812e+01   0.0000e+00
  1.1220e+00   1.5010e+00   4.0611e-01   1.5898e-01   1.1997e+00   6.2909e+01   5.3277e+01   5.3858e+01   1.0000e+00
  2.2387e+00   2.3152e+00   8.3308e-01   3.1249e-01   7.7692e-01   2.7229e+02   2.0565e+02   2.0684e+02   6.0000e+00
  4.4668e+00   5.1703e+00   1.6264e+00  -3.3938e-02   3.7092e-01   7.8758e+02   7.8809e+02   8.0121e+02   1.4000e+01
  8.9125e+00   9.3792e+00   2.2200e+00   1.2149e-02   1.3592e-01   3.0682e+03   2.9998e+03   3.0158e+03   6.3000e+01
  1.7783e+01   1.9480e+01   2.9524e+00   5.1493e-02   7.6082e-02   1.2149e+04   1.1267e+04   1.1418e+04   2.3100e+02
  3.5481e+01   3.8356e+01   3.6288e+00  -7.7734e-02   3.7087e-02   3.8320e+04   4.0147e+04   4.0794e+04   7.6100e+02
  7.0795e+01   7.6025e+01   4.3132e+00   1.7811e-02   3.2738e-02   1.2772e+05   1.2003e+05   1.2281e+05   2.4890e+03
