## {'tot': 4485555475.343699, 'coords': 'spherical', 'metric': 'Euclidean', 'sep_units': 'arcmin', 'bin_type': 'Log'}
#   r_nom       meanr       meanlogr        xi        sigma_xi        DD           RR           DR         npairs   
  1.1037e-01   1.0982e-01  -2.2105e+00   7.4906e-01   3.4482e-01   9.2456e+02   5.3956e+02   5.2998e+02   2.3000e+01
  1.3445e-01   1.3437e-01  -2.0090e+00   1.3462e+00   3.6166e-01   1.8418e+03   7.8517e+02   7.8498e+02   4.7000e+01
  1.6379e-01   1.6323e-01  -1.8142e+00   1.1502e+00   2.1538e-01   2.4916e+03   1.1550e+03   1.1591e+03   6.2000e+01
  1.9953e-01   2.0209e-01  -1.6005e+00   1.0735e+00   2.9839e-01   3.5111e+03   1.6966e+03   1.6932e+03   8.8000e+01
  2.4306e-01   2.4336e-01  -1.4149e+00   8.4372e-01   1.8804e-01   4.5752e+03   2.4862e+03   2.4819e+03   1.1800e+02
  2.9609e-01   2.9884e-01  -1.2095e+00   7.0813e-01   1.3033e-01   6.1865e+03   3.6380e+03   3.6242e+03   1.6400e+02
  3.6070e-01   3.6380e-01  -1.0127e+00   5.3466e-01   9.7206e-02   8.2044e+03   5.3192e+03   5.3398e+03   2.0800e+02
  4.3940e-01   4.4333e-01  -8.1502e-01   4.2720e-01   9.4847e-02   1.1061e+04   7.7877e+03   7.7608e+03   2.9100e+02
  5.3527e-01   5.3839e-01  -6.2079e-01   4.5357e-01   8.5763e-02   1.6533e+04   1.1435e+04   1.1391e+04   4.2900e+02
  6.5206e-01   6.5609e-01  -4.2298e-01   3.3743e-01   5.5899e-02   2.2416e+04   1.6819e+04   1.6780e+04   5.8500e+02
  7.9433e-01   7.9890e-01  -2.2609e-01   3.2681e-01   5.6802e-02   3.2809e+04   2.4755e+04   2.4737e+04   8.5500e+02
  9.6764e-01   9.7200e-01  -3.0002e-02   2.5004e-01   3.9582e-02   4.5506e+04   3.6439e+04   3.6417e+04   1.1840e+03
  1.1788e+00   1.1855e+00   1.6856e-01   2.2477e-01   3.2750e-02   6.5465e+04   5.3656e+04   5.3530e+04   1.7260e+03
  1.4360e+00   1.4484e+00   3.6886e-01   2.2676e-01   2.9185e-02   9.6398e+04   7.8975e+04   7.8732e+04   2.5440e+03
  1.7493e+00   1.7635e+00   5.6577e-01   1.9331e-01   1.8173e-02   1.3804e+05   1.1606e+05   1.1584e+05   3.6680e+03
  2.1309e+00   2.1477e+00   7.6285e-01   1.5452e-01   1.6854e-02   1.9566e+05   1.7074e+05   1.7001e+05   5.2070e+03
  2.5959e+00   2.6154e+00   9.5986e-01   1.3794e-01   1.9163e-02   2.8393e+05   2.5074e+05   2.5004e+05   7.5720e+03
  3.1623e+00   3.1855e+00   1.1571e+00   1.2074e-01   1.5045e-02   4.0963e+05   3.6733e+05   3.6630e+05   1.0934e+04
  3.8522e+00   3.8853e+00   1.3557e+00   1.0051e-01   9.9872e-03   5.8811e+05   5.4011e+05   5.3697e+05   1.5658e+04
  4.6928e+00   4.7303e+00   1.5525e+00   8.2683e-02   1.2278e-02   8.5354e+05   7.9265e+05   7.9033e+05   2.2862e+04
  5.7167e+00   5.7664e+00   1.7506e+00   4.9328e-02   1.0984e-02   1.2140e+06   1.1629e+06   1.1598e+06   3.2552e+04
  6.9640e+00   7.0200e+00   1.9473e+00   5.3272e-02   8.1529e-03   1.7802e+06   1.6988e+06   1.6943e+06   4.7587e+04
  8.4834e+00   8.5569e+00   2.1452e+00   3.9669e-02   8.8715e-03   2.5828e+06   2.4922e+06   2.4881e+06   6.9293e+04
  1.0334e+01   1.0419e+01   2.3422e+00   2.3448e-02   5.4398e-03   3.7192e+06   3.6559e+06   3.6447e+06   9.9844e+04
  1.2589e+01   1.2698e+01   2.5400e+00   2.7573e-02   5.5747e-03   5.4808e+06   5.3488e+06   5.3411e+06   1.4681e+05
  1.5336e+01   1.5471e+01   2.7375e+00   1.9081e-02   5.5992e-03   7.9155e+06   7.7890e+06   7.7780e+06   2.1239e+05
  1.8682e+01   1.8846e+01   2.9349e+00   1.0991e-02   5.0315e-03   1.1453e+07   1.1393e+07   1.1360e+07   3.0738e+05
  2.2758e+01   2.2959e+01   3.1322e+00   1.4534e-02   5.3376e-03   1.6654e+07   1.6588e+07   1.6500e+07   4.4668e+05
  2.7724e+01   2.7968e+01   3.3296e+00   1.2507e-02   4.9524e-03   2.4125e+07   2.4035e+07   2.3930e+07   6.4608e+05
  3.3773e+01   3.4074e+01   3.5271e+00   1.0310e-02   4.4504e-03   3.4823e+07   3.4592e+07   3.4529e+07   9.3248e+05
  4.1142e+01   4.1505e+01   3.7244e+00   7.2736e-03   3.2849e-03   4.9506e+07   4.9864e+07   4.9503e+07   1.3252e+06
  5.0119e+01   5.0559e+01   3.9217e+00   2.3982e-03   3.9976e-03   6.9852e+07   7.0559e+07   7.0120e+07   1.8699e+06
  6.1054e+01   6.1578e+01   4.1189e+00   3.0074e-03   3.0143e-03   9.8328e+07   9.9088e+07   9.8559e+07   2.6312e+06
  7.4375e+01   7.5013e+01   4.3162e+00   1.8144e-04   3.5877e-03   1.3585e+08   1.3731e+08   1.3657e+08   3.6365e+06
  9.0603e+01   9.1339e+01   4.5131e+00  -1.5070e-03   3.2696e-03   1.8383e+08   1.8718e+08   1.8565e+08   4.9265e+06
