## {'tot': 1417004775429.4487, 'coords': 'spherical', 'metric': 'Euclidean', 'sep_units': 'arcmin', 'bin_type': 'Log'}
#   r_nom       meanr       meanlogr        xi        sigma_xi        DD           RR           DR         npairs   
  1.1037e-01   1.1122e-01  -2.1979e+00   3.3604e-01   1.7239e-02   2.2642e+05   1.7045e+05   1.6979e+05   4.5800e+03
  1.3445e-01   1.3537e-01  -2.0014e+00   2.7707e-01   1.9813e-02   3.1675e+05   2.4804e+05   2.4803e+05   6.4080e+03
  1.6379e-01   1.6509e-01  -1.8029e+00   2.6151e-01   1.4086e-02   4.5960e+05   3.6487e+05   3.6453e+05   9.3240e+03
  1.9953e-01   2.0100e-01  -1.6060e+00   2.0352e-01   1.0998e-02   6.4266e+05   5.3596e+05   5.3477e+05   1.3073e+04
  2.4306e-01   2.4496e-01  -1.4082e+00   1.9333e-01   9.8582e-03   9.3817e+05   7.8541e+05   7.8586e+05   1.9089e+04
  2.9609e-01   2.9842e-01  -1.2108e+00   1.5570e-01   7.3467e-03   1.3263e+06   1.1493e+06   1.1483e+06   2.7003e+04
  3.6070e-01   3.6336e-01  -1.0139e+00   1.2313e-01   6.7920e-03   1.8865e+06   1.6804e+06   1.6800e+06   3.8425e+04
  4.3940e-01   4.4261e-01  -8.1662e-01   1.0772e-01   5.3140e-03   2.7276e+06   2.4602e+06   2.4614e+06   5.5748e+04
  5.3527e-01   5.3961e-01  -6.1845e-01   9.5242e-02   4.5613e-03   3.9556e+06   3.6123e+06   3.6119e+06   8.0958e+04
  6.5206e-01   6.5740e-01  -4.2099e-01   7.6803e-02   4.8802e-03   5.7320e+06   5.3131e+06   5.3185e+06   1.1748e+05
  7.9433e-01   8.0032e-01  -2.2426e-01   7.1008e-02   3.7097e-03   8.3964e+06   7.8202e+06   7.8307e+06   1.7218e+05
  9.6764e-01   9.7544e-01  -2.6377e-02   5.6125e-02   3.4009e-03   1.2219e+07   1.1511e+07   1.1542e+07   2.5110e+05
  1.1788e+00   1.1885e+00   1.7117e-01   4.9049e-02   3.6888e-03   1.7873e+07   1.6950e+07   1.6996e+07   3.6720e+05
  1.4360e+00   1.4479e+00   3.6863e-01   4.5354e-02   3.4569e-03   2.6140e+07   2.4949e+07   2.4978e+07   5.3798e+05
  1.7493e+00   1.7641e+00   5.6613e-01   3.8057e-02   3.1176e-03   3.8202e+07   3.6665e+07   3.6736e+07   7.8608e+05
  2.1309e+00   2.1493e+00   7.6367e-01   3.0692e-02   2.0776e-03   5.5733e+07   5.3936e+07   5.4007e+07   1.1474e+06
  2.5959e+00   2.6181e+00   9.6099e-01   2.5697e-02   2.0587e-03   8.1506e+07   7.9211e+07   7.9341e+07   1.6783e+06
  3.1623e+00   3.1898e+00   1.1585e+00   2.3080e-02   1.8448e-03   1.1924e+08   1.1604e+08   1.1630e+08   2.4555e+06
  3.8522e+00   3.8863e+00   1.3560e+00   2.0655e-02   1.8893e-03   1.7413e+08   1.7062e+08   1.7062e+08   3.5863e+06
  4.6928e+00   4.7343e+00   1.5534e+00   1.6403e-02   1.8186e-03   2.5525e+08   2.5040e+08   2.5077e+08   5.2579e+06
  5.7167e+00   5.7682e+00   1.7509e+00   1.6794e-02   1.8181e-03   3.7338e+08   3.6738e+08   3.6729e+08   7.6916e+06
  6.9640e+00   7.0271e+00   1.9483e+00   1.2682e-02   1.5398e-03   5.4647e+08   5.3666e+08   5.3816e+08   1.1255e+07
  8.4834e+00   8.5614e+00   2.1458e+00   1.0693e-02   1.4823e-03   7.9819e+08   7.8730e+08   7.8853e+08   1.6442e+07
  1.0334e+01   1.0430e+01   2.3433e+00   1.1622e-02   1.5869e-03   1.1693e+09   1.1549e+09   1.1554e+09   2.4085e+07
  1.2589e+01   1.2707e+01   2.5407e+00   1.1996e-02   1.7646e-03   1.7130e+09   1.6897e+09   1.6912e+09   3.5288e+07
  1.5336e+01   1.5481e+01   2.7382e+00   4.9876e-03   1.6037e-03   2.4951e+09   2.4606e+09   2.4717e+09   5.1397e+07
  1.8682e+01   1.8860e+01   2.9356e+00   4.9507e-03   1.8483e-03   3.6318e+09   3.5990e+09   3.6065e+09   7.4800e+07
  2.2758e+01   2.2976e+01   3.1330e+00   4.2759e-03   1.7405e-03   5.2733e+09   5.2402e+09   5.2455e+09   1.0859e+08
  2.7724e+01   2.7986e+01   3.3303e+00   4.0718e-03   1.2667e-03   7.6273e+09   7.5929e+09   7.5946e+09   1.5706e+08
  3.3773e+01   3.4091e+01   3.5276e+00   1.3607e-03   1.0084e-03   1.1015e+10   1.0928e+10   1.0964e+10   2.2674e+08
  4.1142e+01   4.1533e+01   3.7251e+00   2.2448e-03   1.1832e-03   1.5799e+10   1.5752e+10   1.5758e+10   3.2507e+08
  5.0119e+01   5.0592e+01   3.9224e+00   1.0720e-03   7.9404e-04   2.2369e+10   2.2290e+10   2.2318e+10   4.6028e+08
  6.1054e+01   6.1612e+01   4.1194e+00   4.4465e-04   1.2209e-03   3.1404e+10   3.1302e+10   3.1346e+10   6.4619e+08
  7.4375e+01   7.5031e+01   4.3164e+00   3.2331e-04   1.3356e-03   4.3575e+10   4.3376e+10   4.3468e+10   8.9645e+08
  9.0603e+01   9.1379e+01   4.5136e+00   1.7773e-03   1.1336e-03   5.9337e+10   5.9132e+10   5.9182e+10   1.2212e+09
