## {'tot': 278468860577.8794, 'coords': 'spherical', 'metric': 'Euclidean', 'sep_units': 'arcmin', 'bin_type': 'Log'}
#   r_nom       meanr       meanlogr        xi        sigma_xi        DD           RR           DR         npairs   
  1.1037e-01   1.1116e-01  -2.1985e+00   5.8728e-01   5.3981e-02   5.2772e+04   3.3496e+04   3.3298e+04   1.0860e+03
  1.3445e-01   1.3582e-01  -1.9980e+00   3.5500e-01   3.0748e-02   6.5932e+04   4.8744e+04   4.8686e+04   1.3970e+03
  1.6379e-01   1.6517e-01  -1.8023e+00   4.2214e-01   3.2979e-02   1.0171e+05   7.1704e+04   7.1575e+04   2.1350e+03
  1.9953e-01   2.0082e-01  -1.6070e+00   3.6474e-01   2.8909e-02   1.4319e+05   1.0533e+05   1.0505e+05   3.0010e+03
  2.4306e-01   2.4521e-01  -1.4073e+00   2.8340e-01   2.1940e-02   1.9834e+05   1.5435e+05   1.5447e+05   4.1790e+03
  2.9609e-01   2.9808e-01  -1.2120e+00   2.7299e-01   2.0011e-02   2.8675e+05   2.2585e+05   2.2547e+05   6.0540e+03
  3.6070e-01   3.6376e-01  -1.0129e+00   2.0593e-01   1.2569e-02   3.9839e+05   3.3022e+05   3.3030e+05   8.4500e+03
  4.3940e-01   4.4258e-01  -8.1668e-01   2.0892e-01   1.5123e-02   5.8379e+05   4.8347e+05   4.8312e+05   1.2349e+04
  5.3527e-01   5.3939e-01  -6.1886e-01   1.9024e-01   1.6465e-02   8.4500e+05   7.0990e+05   7.0992e+05   1.7955e+04
  6.5206e-01   6.5703e-01  -4.2160e-01   1.6272e-01   1.0428e-02   1.2150e+06   1.0441e+06   1.0446e+06   2.5836e+04
  7.9433e-01   8.0061e-01  -2.2392e-01   1.3612e-01   9.1372e-03   1.7485e+06   1.5368e+06   1.5381e+06   3.7329e+04
  9.6764e-01   9.7494e-01  -2.6918e-02   1.0123e-01   9.0400e-03   2.5011e+06   2.2622e+06   2.2671e+06   5.3439e+04
  1.1788e+00   1.1880e+00   1.7071e-01   1.0351e-01   6.7238e-03   3.6924e+06   3.3310e+06   3.3393e+06   7.9121e+04
  1.4360e+00   1.4476e+00   3.6840e-01   9.8553e-02   6.2617e-03   5.3890e+06   4.9029e+06   4.9043e+06   1.1557e+05
  1.7493e+00   1.7636e+00   5.6585e-01   7.2603e-02   7.0557e-03   7.7504e+06   7.2053e+06   7.2163e+06   1.6634e+05
  2.1309e+00   2.1486e+00   7.6331e-01   6.3169e-02   5.0076e-03   1.1295e+07   1.0600e+07   1.0612e+07   2.4286e+05
  2.5959e+00   2.6182e+00   9.6101e-01   5.3817e-02   4.2335e-03   1.6477e+07   1.5566e+07   1.5603e+07   3.5450e+05
  3.1623e+00   3.1889e+00   1.1582e+00   4.5345e-02   4.7697e-03   2.3947e+07   2.2804e+07   2.2859e+07   5.1616e+05
  3.8522e+00   3.8852e+00   1.3557e+00   4.5014e-02   4.0701e-03   3.5036e+07   3.3531e+07   3.3529e+07   7.5591e+05
  4.6928e+00   4.7334e+00   1.5532e+00   3.1716e-02   3.5875e-03   5.0954e+07   4.9209e+07   4.9301e+07   1.1003e+06
  5.7167e+00   5.7664e+00   1.7506e+00   2.6492e-02   3.5341e-03   7.4122e+07   7.2197e+07   7.2203e+07   1.6007e+06
  6.9640e+00   7.0250e+00   1.9480e+00   2.2507e-02   3.0210e-03   1.0846e+08   1.0546e+08   1.0577e+08   2.3430e+06
  8.4834e+00   8.5594e+00   2.1456e+00   2.2316e-02   3.1666e-03   1.5849e+08   1.5472e+08   1.5488e+08   3.4246e+06
  1.0334e+01   1.0428e+01   2.3430e+00   2.0285e-02   3.2100e-03   2.3181e+08   2.2696e+08   2.2708e+08   5.0085e+06
  1.2589e+01   1.2704e+01   2.5405e+00   1.7859e-02   3.0985e-03   3.3830e+08   3.3206e+08   3.3221e+08   7.3116e+06
  1.5336e+01   1.5478e+01   2.7380e+00   1.1650e-02   2.5668e-03   4.9235e+08   4.8355e+08   4.8514e+08   1.0642e+07
  1.8682e+01   1.8856e+01   2.9354e+00   1.0059e-02   2.9556e-03   7.1519e+08   7.0727e+08   7.0767e+08   1.5460e+07
  2.2758e+01   2.2971e+01   3.1328e+00   9.7837e-03   2.8509e-03   1.0362e+09   1.0298e+09   1.0280e+09   2.2394e+07
  2.7724e+01   2.7984e+01   3.3302e+00   7.4029e-03   2.1923e-03   1.4990e+09   1.4922e+09   1.4900e+09   3.2394e+07
  3.3773e+01   3.4091e+01   3.5276e+00   3.7834e-03   2.2779e-03   2.1583e+09   2.1475e+09   2.1488e+09   4.6632e+07
  4.1142e+01   4.1529e+01   3.7250e+00   3.7816e-03   1.6280e-03   3.0864e+09   3.0956e+09   3.0852e+09   6.6673e+07
  5.0119e+01   5.0582e+01   3.9222e+00   4.2508e-03   1.6894e-03   4.3728e+09   4.3804e+09   4.3673e+09   9.4454e+07
  6.1054e+01   6.1605e+01   4.1193e+00   2.8018e-03   1.5945e-03   6.1344e+09   6.1515e+09   6.1343e+09   1.3250e+08
  7.4375e+01   7.5029e+01   4.3164e+00   3.5573e-03   1.9774e-03   8.4776e+09   8.5243e+09   8.4858e+09   1.8305e+08
  9.0603e+01   9.1377e+01   4.5136e+00   1.2466e-03   1.5134e-03   1.1493e+10   1.1621e+10   1.1550e+10   2.4825e+08
