## {'tot': 63335171.597638644, 'coords': 'spherical', 'metric': 'Euclidean', 'sep_units': 'arcmin', 'bin_type': 'Log'}
#   r_nom       meanr       meanlogr        xi        sigma_xi        DD           RR           DR         npairs   
  1.1037e-01   1.1037e-01  -2.2039e+00  -1.0390e+00   4.6009e-02   0.0000e+00   7.6184e+00   7.7668e+00   0.0000e+00
  1.3445e-01   1.3445e-01  -2.0065e+00  -9.6445e-01   3.2914e-02   0.0000e+00   1.1086e+01   1.0889e+01   0.0000e+00
  1.6379e-01   1.5355e-01  -1.8737e+00   6.7507e-01   1.6858e+00   2.7179e+01   1.6308e+01   1.6239e+01   1.0000e+00
  1.9953e-01   1.9585e-01  -1.6304e+00   4.2011e-01   1.4435e+00   3.4463e+01   2.3955e+01   2.4177e+01   1.0000e+00
  2.4306e-01   2.4847e-01  -1.3931e+00   1.3817e+00   1.2945e+00   8.3099e+01   3.5105e+01   3.4850e+01   3.0000e+00
  2.9609e-01   3.0335e-01  -1.1935e+00   2.1804e+00   1.5033e+00   1.6139e+02   5.1368e+01   5.0378e+01   5.0000e+00
  3.6070e-01   3.7113e-01  -9.9131e-01  -2.1927e-01   5.3149e-01   5.7564e+01   7.5106e+01   7.4570e+01   2.0000e+00
  4.3940e-01   4.4696e-01  -8.0559e-01  -5.1100e-01   3.1607e-01   5.0842e+01   1.0996e+02   1.0850e+02   2.0000e+00
  5.3527e-01   5.4737e-01  -6.0356e-01   5.1707e-02   4.1345e-01   1.7159e+02   1.6146e+02   1.6235e+02   6.0000e+00
  6.5206e-01   6.6205e-01  -4.1366e-01   2.9181e-01   4.6957e-01   3.0310e+02   2.3748e+02   2.3564e+02   9.0000e+00
  7.9433e-01   8.1153e-01  -2.0996e-01   8.0673e-01   3.9913e-01   6.2960e+02   3.4954e+02   3.4858e+02   1.9000e+01
  9.6764e-01   9.8983e-01  -1.1709e-02   2.0923e-01   2.2138e-01   6.2309e+02   5.1451e+02   5.1498e+02   1.8000e+01
  1.1788e+00   1.1831e+00   1.6659e-01   9.9537e-01   2.6617e-01   1.5081e+03   7.5761e+02   7.5581e+02   4.6000e+01
  1.4360e+00   1.4456e+00   3.6689e-01   4.9643e-01   2.2505e-01   1.6743e+03   1.1151e+03   1.1179e+03   5.1000e+01
  1.7493e+00   1.7517e+00   5.5899e-01   8.9691e-02   1.5213e-01   1.7768e+03   1.6388e+03   1.6343e+03   5.4000e+01
  2.1309e+00   2.1470e+00   7.6265e-01   1.3181e-01   1.4340e-01   2.7149e+03   2.4108e+03   2.4040e+03   8.6000e+01
  2.5959e+00   2.6458e+00   9.7134e-01   3.8447e-01   1.1568e-01   4.8668e+03   3.5405e+03   3.5230e+03   1.5300e+02
  3.1623e+00   3.1959e+00   1.1603e+00   3.2178e-01   9.5752e-02   6.7994e+03   5.1866e+03   5.1585e+03   2.1400e+02
  3.8522e+00   3.8706e+00   1.3518e+00   1.5928e-01   7.6660e-02   8.7558e+03   7.6263e+03   7.5837e+03   2.7800e+02
  4.6928e+00   4.7243e+00   1.5513e+00   1.3417e-01   5.7977e-02   1.2660e+04   1.1192e+04   1.1175e+04   3.9500e+02
  5.7167e+00   5.7599e+00   1.7495e+00   2.1317e-01   6.8726e-02   1.9829e+04   1.6420e+04   1.6374e+04   6.2000e+02
  6.9640e+00   7.0379e+00   1.9498e+00   9.2578e-02   4.6215e-02   2.5947e+04   2.3987e+04   2.3856e+04   8.0300e+02
  8.4834e+00   8.5483e+00   2.1442e+00   7.5105e-02   3.4467e-02   3.7624e+04   3.5189e+04   3.5085e+04   1.1920e+03
  1.0334e+01   1.0417e+01   2.3419e+00   1.2523e-01   3.1456e-02   5.7947e+04   5.1621e+04   5.1551e+04   1.8180e+03
  1.2589e+01   1.2711e+01   2.5410e+00   1.2856e-01   3.5213e-02   8.5927e+04   7.5524e+04   7.5871e+04   2.6900e+03
  1.5336e+01   1.5441e+01   2.7356e+00   8.0340e-02   3.1266e-02   1.1968e+05   1.0998e+05   1.1041e+05   3.7460e+03
  1.8682e+01   1.8822e+01   2.9335e+00   6.6254e-02   3.0662e-02   1.7240e+05   1.6086e+05   1.6130e+05   5.4210e+03
  2.2758e+01   2.2909e+01   3.1301e+00   6.4036e-02   2.1618e-02   2.4937e+05   2.3422e+05   2.3430e+05   7.7810e+03
  2.7724e+01   2.7967e+01   3.3295e+00   4.0172e-02   2.2452e-02   3.5345e+05   3.3938e+05   3.3960e+05   1.1093e+04
  3.3773e+01   3.4079e+01   3.5272e+00   3.7805e-02   2.5060e-02   5.0651e+05   4.8843e+05   4.8824e+05   1.5899e+04
  4.1142e+01   4.1460e+01   3.7233e+00   3.4002e-02   1.3498e-02   7.2377e+05   7.0407e+05   7.0195e+05   2.2653e+04
  5.0119e+01   5.0551e+01   3.9215e+00   1.7384e-02   1.6741e-02   1.0146e+06   9.9627e+05   9.9678e+05   3.1720e+04
  6.1054e+01   6.1531e+01   4.1181e+00   2.0581e-02   1.6102e-02   1.4347e+06   1.3991e+06   1.4025e+06   4.4896e+04
  7.4375e+01   7.4974e+01   4.3157e+00   2.0751e-02   1.4627e-02   2.0157e+06   1.9388e+06   1.9571e+06   6.3060e+04
  9.0603e+01   9.1315e+01   4.5129e+00   7.0382e-03   1.3311e-02   2.7008e+06   2.6430e+06   2.6626e+06   8.4702e+04
