## {'tot': 5075058181374.805, 'coords': 'spherical', 'metric': 'Euclidean', 'sep_units': 'arcmin', 'bin_type': 'Log'}
#   r_nom       meanr       meanlogr        xi        sigma_xi        DD           RR           DR         npairs   
  1.1037e-01   1.1128e-01  -2.1973e+00   1.8531e-01   9.7945e-03   7.2035e+05   6.1046e+05   6.0885e+05   1.7527e+04
  1.3445e-01   1.3540e-01  -2.0011e+00   1.7656e-01   9.8088e-03   1.0450e+06   8.8836e+05   8.8828e+05   2.5343e+04
  1.6379e-01   1.6499e-01  -1.8035e+00   1.4342e-01   6.0533e-03   1.4948e+06   1.3068e+06   1.3071e+06   3.6299e+04
  1.9953e-01   2.0118e-01  -1.6051e+00   1.2400e-01   5.6692e-03   2.1529e+06   1.9195e+06   1.9172e+06   5.2357e+04
  2.4306e-01   2.4487e-01  -1.4086e+00   1.1012e-01   3.5883e-03   3.1268e+06   2.8130e+06   2.8150e+06   7.6124e+04
  2.9609e-01   2.9838e-01  -1.2109e+00   8.5536e-02   3.9911e-03   4.4738e+06   4.1162e+06   4.1189e+06   1.0900e+05
  3.6070e-01   3.6352e-01  -1.0135e+00   7.6174e-02   3.3111e-03   6.4873e+06   6.0183e+06   6.0236e+06   1.5796e+05
  4.3940e-01   4.4282e-01  -8.1613e-01   6.2033e-02   2.9536e-03   9.3814e+06   8.8112e+06   8.8230e+06   2.2868e+05
  5.3527e-01   5.3953e-01  -6.1858e-01   5.6965e-02   2.3162e-03   1.3705e+07   1.2938e+07   1.2953e+07   3.3393e+05
  6.5206e-01   6.5746e-01  -4.2088e-01   4.9045e-02   2.3497e-03   2.0022e+07   1.9029e+07   1.9059e+07   4.8819e+05
  7.9433e-01   8.0086e-01  -2.2356e-01   4.2340e-02   1.7497e-03   2.9314e+07   2.8009e+07   2.8069e+07   7.1474e+05
  9.6764e-01   9.7572e-01  -2.6073e-02   3.6221e-02   1.6906e-03   4.2963e+07   4.1228e+07   4.1349e+07   1.0484e+06
  1.1788e+00   1.1888e+00   1.7143e-01   3.1303e-02   1.9538e-03   6.2941e+07   6.0707e+07   6.0874e+07   1.5355e+06
  1.4360e+00   1.4482e+00   3.6882e-01   2.8308e-02   1.4290e-03   9.2068e+07   8.9355e+07   8.9447e+07   2.2470e+06
  1.7493e+00   1.7643e+00   5.6626e-01   2.1982e-02   1.4175e-03   1.3464e+08   1.3132e+08   1.3153e+08   3.2868e+06
  2.1309e+00   2.1495e+00   7.6375e-01   2.0382e-02   1.4686e-03   1.9747e+08   1.9318e+08   1.9336e+08   4.8196e+06
  2.5959e+00   2.6187e+00   9.6122e-01   1.7939e-02   1.4909e-03   2.8905e+08   2.8370e+08   2.8383e+08   7.0543e+06
  3.1623e+00   3.1904e+00   1.1587e+00   1.3369e-02   1.2730e-03   4.2278e+08   4.1560e+08   4.1641e+08   1.0317e+07
  3.8522e+00   3.8868e+00   1.3561e+00   1.4602e-02   1.1873e-03   6.1969e+08   6.1110e+08   6.1093e+08   1.5121e+07
  4.6928e+00   4.7355e+00   1.5536e+00   1.1520e-02   1.2239e-03   9.0740e+08   8.9682e+08   8.9694e+08   2.2143e+07
  5.7167e+00   5.7692e+00   1.7511e+00   1.1706e-02   1.1853e-03   1.3292e+09   1.3158e+09   1.3148e+09   3.2438e+07
  6.9640e+00   7.0285e+00   1.9485e+00   7.2474e-03   1.2474e-03   1.9439e+09   1.9221e+09   1.9260e+09   4.7437e+07
  8.4834e+00   8.5635e+00   2.1461e+00   8.3226e-03   1.1359e-03   2.8486e+09   2.8197e+09   2.8225e+09   6.9513e+07
  1.0334e+01   1.0433e+01   2.3435e+00   6.9582e-03   1.2315e-03   4.1663e+09   4.1364e+09   4.1369e+09   1.0167e+08
  1.2589e+01   1.2709e+01   2.5409e+00   8.3970e-03   1.1122e-03   6.0955e+09   6.0518e+09   6.0482e+09   1.4876e+08
  1.5336e+01   1.5482e+01   2.7382e+00   3.7226e-03   1.1914e-03   8.8996e+09   8.8127e+09   8.8397e+09   2.1723e+08
  1.8682e+01   1.8863e+01   2.9357e+00   3.3744e-03   1.0994e-03   1.2958e+10   1.2890e+10   1.2902e+10   3.1633e+08
  2.2758e+01   2.2981e+01   3.1332e+00   3.8632e-03   1.0796e-03   1.8836e+10   1.8768e+10   1.8766e+10   4.5984e+08
  2.7724e+01   2.7993e+01   3.3305e+00   3.0413e-03   9.6241e-04   2.7254e+10   2.7194e+10   2.7183e+10   6.6520e+08
  3.3773e+01   3.4094e+01   3.5277e+00   1.4429e-03   9.6666e-04   3.9300e+10   3.9138e+10   3.9191e+10   9.5899e+08
  4.1142e+01   4.1534e+01   3.7251e+00   2.2656e-03   1.0266e-03   5.6461e+10   5.6417e+10   5.6375e+10   1.3778e+09
  5.0119e+01   5.0598e+01   3.9225e+00   1.4036e-03   9.0240e-04   7.9936e+10   7.9832e+10   7.9828e+10   1.9516e+09
  6.1054e+01   6.1613e+01   4.1194e+00   8.9543e-04   1.2236e-03   1.1209e+11   1.1211e+11   1.1205e+11   2.7374e+09
  7.4375e+01   7.5028e+01   4.3164e+00  -2.6714e-04   8.4890e-04   1.5552e+11   1.5535e+11   1.5546e+11   3.7979e+09
  9.0603e+01   9.1382e+01   4.5136e+00   1.8725e-04   1.0712e-03   2.1193e+11   2.1178e+11   2.1184e+11   5.1782e+09
