## {'tot': 44331623541.634705, 'coords': 'spherical', 'metric': 'Euclidean', 'sep_units': 'arcmin', 'bin_type': 'Log'}
#   r_nom       meanr       meanlogr        xi        sigma_xi        DD           RR           DR         npairs   
  1.1037e-01   1.1134e-01  -2.1967e+00   9.6980e-01   1.1164e-01   1.0460e+04   5.3325e+03   5.3106e+03   2.2600e+02
  1.3445e-01   1.3575e-01  -1.9984e+00   5.0754e-01   1.3781e-01   1.1669e+04   7.7600e+03   7.7453e+03   2.6900e+02
  1.6379e-01   1.6514e-01  -1.8025e+00   6.6107e-01   9.5910e-02   1.8856e+04   1.1415e+04   1.1362e+04   4.1400e+02
  1.9953e-01   2.0076e-01  -1.6072e+00   5.8043e-01   7.4688e-02   2.6388e+04   1.6768e+04   1.6711e+04   5.9400e+02
  2.4306e-01   2.4575e-01  -1.4050e+00   5.3170e-01   4.8170e-02   3.7496e+04   2.4572e+04   2.4501e+04   8.5700e+02
  2.9609e-01   2.9872e-01  -1.2098e+00   4.4978e-01   4.1046e-02   5.2025e+04   3.5955e+04   3.5904e+04   1.1860e+03
  3.6070e-01   3.6441e-01  -1.0111e+00   3.7745e-01   3.2640e-02   7.2450e+04   5.2571e+04   5.2589e+04   1.6670e+03
  4.3940e-01   4.4369e-01  -8.1420e-01   3.4374e-01   3.2476e-02   1.0339e+05   7.6967e+04   7.6950e+04   2.3760e+03
  5.3527e-01   5.3881e-01  -6.1997e-01   2.4788e-01   2.0730e-02   1.4042e+05   1.1301e+05   1.1271e+05   3.2390e+03
  6.5206e-01   6.5698e-01  -4.2166e-01   2.7898e-01   2.0097e-02   2.1225e+05   1.6622e+05   1.6605e+05   4.9010e+03
  7.9433e-01   8.0015e-01  -2.2454e-01   2.3371e-01   1.9854e-02   3.0215e+05   2.4466e+05   2.4482e+05   7.0210e+03
  9.6764e-01   9.7493e-01  -2.6948e-02   2.0866e-01   1.7825e-02   4.3521e+05   3.6013e+05   3.6010e+05   1.0127e+04
  1.1788e+00   1.1882e+00   1.7089e-01   1.8645e-01   1.7321e-02   6.2923e+05   5.3029e+05   5.3032e+05   1.4605e+04
  1.4360e+00   1.4468e+00   3.6782e-01   1.4443e-01   1.3470e-02   8.9258e+05   7.8053e+05   7.8019e+05   2.0770e+04
  1.7493e+00   1.7632e+00   5.6564e-01   1.2088e-01   1.0928e-02   1.2855e+06   1.1471e+06   1.1469e+06   3.0089e+04
  2.1309e+00   2.1492e+00   7.6362e-01   1.0804e-01   1.2659e-02   1.8658e+06   1.6874e+06   1.6854e+06   4.3806e+04
  2.5959e+00   2.6169e+00   9.6048e-01   8.7654e-02   8.8118e-03   2.6951e+06   2.4781e+06   2.4780e+06   6.3222e+04
  3.1623e+00   3.1887e+00   1.1581e+00   7.6014e-02   8.0745e-03   3.9001e+06   3.6304e+06   3.6273e+06   9.1985e+04
  3.8522e+00   3.8842e+00   1.3554e+00   6.4666e-02   7.5311e-03   5.6523e+06   5.3381e+06   5.3226e+06   1.3331e+05
  4.6928e+00   4.7328e+00   1.5530e+00   4.8533e-02   7.2676e-03   8.2014e+06   7.8339e+06   7.8276e+06   1.9351e+05
  5.7167e+00   5.7651e+00   1.7504e+00   4.3382e-02   5.5794e-03   1.1945e+07   1.1494e+07   1.1470e+07   2.8240e+05
  6.9640e+00   7.0235e+00   1.9478e+00   3.5179e-02   4.2782e-03   1.7359e+07   1.6790e+07   1.6779e+07   4.1046e+05
  8.4834e+00   8.5559e+00   2.1452e+00   2.9843e-02   4.1503e-03   2.5280e+07   2.4631e+07   2.4588e+07   5.9773e+05
  1.0334e+01   1.0427e+01   2.3429e+00   2.3015e-02   4.3764e-03   3.6824e+07   3.6132e+07   3.6062e+07   8.7178e+05
  1.2589e+01   1.2703e+01   2.5404e+00   2.2283e-02   4.0580e-03   5.3854e+07   5.2863e+07   5.2770e+07   1.2747e+06
  1.5336e+01   1.5474e+01   2.7377e+00   1.4271e-02   3.9354e-03   7.8277e+07   7.6981e+07   7.7080e+07   1.8522e+06
  1.8682e+01   1.8852e+01   2.9352e+00   1.2170e-02   4.2125e-03   1.1361e+08   1.1260e+08   1.1242e+08   2.6884e+06
  2.2758e+01   2.2968e+01   3.1326e+00   1.2743e-02   3.9318e-03   1.6473e+08   1.6394e+08   1.6329e+08   3.8960e+06
  2.7724e+01   2.7976e+01   3.3299e+00   1.0545e-02   3.5422e-03   2.3848e+08   2.3755e+08   2.3676e+08   5.6404e+06
  3.3773e+01   3.4085e+01   3.5274e+00   7.9406e-03   3.0368e-03   3.4369e+08   3.4188e+08   3.4143e+08   8.1274e+06
  4.1142e+01   4.1517e+01   3.7247e+00   7.0116e-03   2.8705e-03   4.9010e+08   4.9282e+08   4.8973e+08   1.1588e+07
  5.0119e+01   5.0569e+01   3.9219e+00   6.7139e-03   2.8015e-03   6.9282e+08   6.9734e+08   6.9274e+08   1.6376e+07
  6.1054e+01   6.1592e+01   4.1191e+00   4.5063e-03   2.1167e-03   9.7034e+08   9.7931e+08   9.7262e+08   2.2941e+07
  7.4375e+01   7.5027e+01   4.3164e+00   3.3471e-03   2.3867e-03   1.3406e+09   1.3570e+09   1.3465e+09   3.1684e+07
  9.0603e+01   9.1371e+01   4.5135e+00   2.0040e-03   2.4934e-03   1.8167e+09   1.8500e+09   1.8315e+09   4.2975e+07
