## {'tot': 2578846.6265774793, 'coords': 'spherical', 'metric': 'Euclidean', 'sep_units': 'arcmin', 'bin_type': 'Log'}
#   r_nom       meanr       meanlogr        xi        sigma_xi        DD           RR           DR         npairs   
  1.4125e-01   1.4125e-01  -1.9572e+00  -9.6119e-01   3.6305e-02   0.0000e+00   5.9853e+00   5.8692e+00   0.0000e+00
  2.8184e-01   2.8184e-01  -1.2664e+00  -9.7722e-01   2.0356e-02   0.0000e+00   2.2981e+01   2.2719e+01   0.0000e+00
  5.6234e-01   6.3494e-01  -4.5820e-01   4.1215e-01   7.3492e-01   1.2391e+02   8.8644e+01   8.8011e+01   4.0000e+00
  1.1220e+00   1.1179e+00   8.3956e-02  -1.2075e-01   1.8158e-01   2.9282e+02   3.4400e+02   3.3918e+02   1.0000e+01
  2.2387e+00   2.5350e+00   9.1563e-01   2.8085e-01   1.9902e-01   1.6542e+03   1.3291e+03   1.3050e+03   5.8000e+01
  4.4668e+00   4.8786e+00   1.5677e+00   2.4697e-01   1.0024e-01   6.1933e+03   5.0859e+03   5.0116e+03   2.0900e+02
  8.9125e+00   9.7637e+00   2.2628e+00   5.4836e-02   5.9941e-02   1.9407e+04   1.9131e+04   1.8745e+04   6.6400e+02
  1.7783e+01   1.9343e+01   2.9459e+00   3.0326e-02   4.6480e-02   6.6430e+04   6.8547e+04   6.6449e+04   2.3160e+03
  3.5481e+01   3.8357e+01   3.6302e+00  -5.4473e-04   1.9315e-02   2.0840e+05   2.2089e+05   2.1471e+05   7.2780e+03
  7.0795e+01   7.5946e+01   4.3119e+00  -9.0655e-03   1.6104e-02   5.6533e+05   5.7955e+05   5.7507e+05   1.9653e+04
