## {'tot': 597426227046.901, 'coords': 'spherical', 'metric': 'Euclidean', 'sep_units': 'arcmin', 'bin_type': 'Log'}
#   r_nom       meanr       meanlogr        xi        sigma_xi        DD           RR           DR         npairs   
  1.4125e-01   1.5413e-01  -1.8871e+00   1.4004e-01   8.3607e-03   1.5697e+06   1.3866e+06   1.3811e+06   3.6326e+04
  2.8184e-01   3.0816e-01  -1.1934e+00   8.3621e-02   5.5687e-03   5.7724e+06   5.3239e+06   5.3256e+06   1.3378e+05
  5.6234e-01   6.1590e-01  -5.0049e-01   4.8212e-02   3.3984e-03   2.1591e+07   2.0536e+07   2.0568e+07   5.0179e+05
  1.1220e+00   1.2303e+00   1.9140e-01   2.8745e-02   3.1651e-03   8.2195e+07   7.9693e+07   7.9799e+07   1.9118e+06
  2.2387e+00   2.4553e+00   8.8238e-01   1.7285e-02   2.4606e-03   3.1307e+08   3.0791e+08   3.0783e+08   7.2853e+06
  4.4668e+00   4.8987e+00   1.5730e+00   1.0068e-02   1.8827e-03   1.1900e+09   1.1782e+09   1.1782e+09   2.7702e+07
  8.9125e+00   9.7647e+00   2.2626e+00   5.9148e-03   1.1268e-03   4.4453e+09   4.4321e+09   4.4255e+09   1.0348e+08
  1.7783e+01   1.9414e+01   2.9495e+00   1.9715e-03   9.5822e-04   1.5791e+10   1.5880e+10   1.5820e+10   3.6747e+08
  3.5481e+01   3.8468e+01   3.6330e+00  -5.8864e-04   7.4114e-04   5.0606e+10   5.1173e+10   5.0905e+10   1.1767e+09
  7.0795e+01   7.5730e+01   4.3095e+00  -1.3427e-04   5.3141e-04   1.3334e+11   1.3426e+11   1.3381e+11   3.0994e+09
