## {'tot': 409387734.5297604, 'coords': 'spherical', 'metric': 'Euclidean', 'sep_units': 'arcmin', 'bin_type': 'Log'}
#   r_nom       meanr       meanlogr        xi        sigma_xi        DD           RR           DR         npairs   
  1.4125e-01   1.5918e-01  -1.8518e+00   7.4201e-01   2.7953e-01   1.6434e+03   9.5016e+02   9.4424e+02   4.2000e+01
  2.8184e-01   3.0697e-01  -1.2005e+00   3.8718e-01   1.0858e-01   5.0502e+03   3.6482e+03   3.6430e+03   1.4200e+02
  5.6234e-01   6.1558e-01  -5.0174e-01   3.2000e-01   7.6551e-02   1.8521e+04   1.4072e+04   1.4045e+04   5.1300e+02
  1.1220e+00   1.2265e+00   1.8741e-01   1.4957e-01   3.3427e-02   6.2796e+04   5.4610e+04   5.4619e+04   1.7410e+03
  2.2387e+00   2.4337e+00   8.7315e-01   1.1084e-01   2.1273e-02   2.3513e+05   2.1100e+05   2.1137e+05   6.6080e+03
  4.4668e+00   4.8785e+00   1.5689e+00   6.9946e-02   1.4755e-02   8.6796e+05   8.0739e+05   8.0944e+05   2.4386e+04
  8.9125e+00   9.7564e+00   2.2621e+00   3.8676e-02   9.2526e-03   3.1692e+06   3.0371e+06   3.0444e+06   8.9133e+04
  1.7783e+01   1.9426e+01   2.9505e+00   1.8691e-02   7.3233e-03   1.1236e+07   1.0882e+07   1.0957e+07   3.1647e+05
  3.5481e+01   3.8473e+01   3.6335e+00   9.0080e-03   5.7227e-03   3.6421e+07   3.5066e+07   3.5586e+07   1.0260e+06
  7.0795e+01   7.5702e+01   4.3092e+00   8.9355e-03   5.2186e-03   9.5221e+07   9.2003e+07   9.3201e+07   2.6770e+06
