## {'tot': 3694820465.9819307, 'coords': 'spherical', 'metric': 'Euclidean', 'sep_units': 'arcmin', 'bin_type': 'Log'}
#   r_nom       meanr       meanlogr        xi        sigma_xi        DD           RR           DR         npairs   
  1.4125e-01   1.5487e-01  -1.8804e+00   5.2527e-01   8.0503e-02   1.3001e+04   8.5754e+03   8.5359e+03   3.1500e+02
  2.8184e-01   3.0770e-01  -1.1966e+00   4.5742e-01   4.4829e-02   4.7680e+04   3.2926e+04   3.2772e+04   1.1840e+03
  5.6234e-01   6.1269e-01  -5.0689e-01   2.3560e-01   2.8718e-02   1.5689e+05   1.2700e+05   1.2699e+05   3.9170e+03
  1.1220e+00   1.2286e+00   1.8974e-01   1.6087e-01   2.0229e-02   5.7332e+05   4.9287e+05   4.9345e+05   1.4534e+04
  2.2387e+00   2.4511e+00   8.8054e-01   8.7310e-02   1.5997e-02   2.0720e+06   1.9043e+06   1.9050e+06   5.2668e+04
  4.4668e+00   4.8889e+00   1.5710e+00   4.3844e-02   1.0651e-02   7.6219e+06   7.2868e+06   7.2946e+06   1.9478e+05
  8.9125e+00   9.7573e+00   2.2619e+00   2.3484e-02   7.7464e-03   2.8093e+07   2.7410e+07   2.7430e+07   7.1878e+05
  1.7783e+01   1.9398e+01   2.9489e+00   1.3811e-02   7.5204e-03   9.8971e+07   9.8210e+07   9.7912e+07   2.5361e+06
  3.5481e+01   3.8400e+01   3.6313e+00   4.1447e-03   5.1476e-03   3.1081e+08   3.1648e+08   3.1299e+08   7.9693e+06
  7.0795e+01   7.5731e+01   4.3096e+00   1.6207e-04   2.5009e-03   8.1331e+08   8.3035e+08   8.2176e+08   2.0883e+07
