## {'tot': 131163082040.40703, 'coords': 'spherical', 'metric': 'Euclidean', 'sep_units': 'arcmin', 'bin_type': 'Log'}
#   r_nom       meanr       meanlogr        xi        sigma_xi        DD           RR           DR         npairs   
  1.4125e-01   1.5452e-01  -1.8847e+00   2.4948e-01   2.1659e-02   3.7861e+05   3.0442e+05   3.0354e+05   8.1570e+03
  2.8184e-01   3.0779e-01  -1.1951e+00   1.5238e-01   8.0568e-03   1.3468e+06   1.1688e+06   1.1687e+06   2.9089e+04
  5.6234e-01   6.1534e-01  -5.0175e-01   8.0148e-02   6.1931e-03   4.8767e+06   4.5085e+06   4.5119e+06   1.0606e+05
  1.1220e+00   1.2294e+00   1.9067e-01   4.4701e-02   4.5870e-03   1.8292e+07   1.7496e+07   1.7503e+07   4.0007e+05
  2.2387e+00   2.4553e+00   8.8235e-01   2.5699e-02   3.9957e-03   6.9217e+07   6.7601e+07   6.7540e+07   1.5169e+06
  4.4668e+00   4.8982e+00   1.5729e+00   1.4258e-02   2.6216e-03   2.6179e+08   2.5868e+08   2.5839e+08   5.7442e+06
  8.9125e+00   9.7613e+00   2.2623e+00   7.5584e-03   1.6885e-03   9.7435e+08   9.7304e+08   9.7002e+08   2.1380e+07
  1.7783e+01   1.9405e+01   2.9491e+00   2.4120e-03   1.5644e-03   3.4446e+09   3.4864e+09   3.4613e+09   7.5563e+07
  3.5481e+01   3.8476e+01   3.6332e+00  -4.9061e-04   9.3677e-04   1.0998e+10   1.1235e+10   1.1119e+10   2.4125e+08
  7.0795e+01   7.5797e+01   4.3104e+00   2.0357e-04   6.1959e-04   2.9178e+10   2.9477e+10   2.9325e+10   6.4018e+08
