## {'tot': 25183684779.331787, 'coords': 'spherical', 'metric': 'Euclidean', 'sep_units': 'arcmin', 'bin_type': 'Log'}
#   r_nom       meanr       meanlogr        xi        sigma_xi        DD           RR           DR         npairs   
  1.4125e-01   1.5377e-01  -1.8889e+00   3.8259e-01   4.0181e-02   8.0271e+04   5.8449e+04   5.8179e+04   1.8090e+03
  2.8184e-01   3.0783e-01  -1.1952e+00   2.3212e-01   2.4612e-02   2.7628e+05   2.2442e+05   2.2430e+05   6.2540e+03
  5.6234e-01   6.1332e-01  -5.0551e-01   1.4331e-01   1.3335e-02   9.8594e+05   8.6565e+05   8.6377e+05   2.2692e+04
  1.1220e+00   1.2295e+00   1.9059e-01   8.2960e-02   7.4229e-03   3.6312e+06   3.3594e+06   3.3559e+06   8.4042e+04
  2.2387e+00   2.4538e+00   8.8176e-01   4.2985e-02   5.4579e-03   1.3504e+07   1.2980e+07   1.2963e+07   3.1462e+05
  4.4668e+00   4.8957e+00   1.5724e+00   2.1179e-02   3.5823e-03   5.0472e+07   4.9667e+07   4.9543e+07   1.1790e+06
  8.9125e+00   9.7596e+00   2.2622e+00   1.2884e-02   3.0132e-03   1.8798e+08   1.8683e+08   1.8620e+08   4.3932e+06
  1.7783e+01   1.9394e+01   2.9486e+00   6.6813e-03   2.4452e-03   6.6228e+08   6.6939e+08   6.6360e+08   1.5479e+07
  3.5481e+01   3.8448e+01   3.6325e+00   8.6156e-04   1.9907e-03   2.0953e+09   2.1571e+09   2.1253e+09   4.9010e+07
  7.0795e+01   7.5815e+01   4.3107e+00  -2.0728e-03   1.0696e-03   5.5607e+09   5.6596e+09   5.6160e+09   1.3003e+08
